[435.   0.   0.   0.   0.],[482.   0.   0.   0.   0.],[536.   0.   0.   0.   0.],[617.   0.   0.   0.   0.],[1000.    0.    0.    0.    0.]
[838.   0.   0.   0.   0.],[975.   0.   0.   0.   0.],[1146.    0.    0.    0.    0.],[1353.    0.    0.    0.    0.],[2070.    0.    0.    0.    0.]
[1701.    0.    0.    0.    0.],[2013.    0.    0.    0.    0.],[2406.    0.    0.    0.    0.],[2.882e+03 1.000e+00 0.000e+00 0.000e+00 0.000e+00],[4312.    0.    0.    0.    0.]
[3507.    0.    0.    0.    0.],[4.203e+03 1.000e+00 0.000e+00 0.000e+00 0.000e+00],[5036.    0.    0.    0.    0.],[6.059e+03 1.000e+00 0.000e+00 0.000e+00 0.000e+00],[9.002e+03 1.000e+00 0.000e+00 0.000e+00 0.000e+00]
[7301.    0.    0.    0.    0.],[8.767e+03 1.000e+00 0.000e+00 0.000e+00 0.000e+00],[10544.     0.     0.     0.     0.],[1.2675e+04 1.0000e+00 0.0000e+00 0.0000e+00 0.0000e+00],[1.8805e+04 2.0000e+00 0.0000e+00 0.0000e+00 0.0000e+00]
[15219.     0.     0.     0.     0.],[1.8309e+04 2.0000e+00 0.0000e+00 0.0000e+00 0.0000e+00],[22023.     0.     0.     0.     0.],[2.6518e+04 1.0000e+00 0.0000e+00 0.0000e+00 0.0000e+00],[3.9287e+04 2.0000e+00 0.0000e+00 0.0000e+00 0.0000e+00]
[3.1767e+04 1.0000e+00 0.0000e+00 0.0000e+00 0.0000e+00],[3.8214e+04 2.0000e+00 0.0000e+00 0.0000e+00 0.0000e+00],[46018.     0.     0.     0.     0.],[5.5383e+04 2.0000e+00 0.0000e+00 0.0000e+00 0.0000e+00],[8.2069e+04 3.0000e+00 0.0000e+00 0.0000e+00 0.0000e+00]
[6.6308e+04 3.0000e+00 0.0000e+00 0.0000e+00 0.0000e+00],[7.984e+04 3.000e+00 0.000e+00 0.000e+00 0.000e+00],[96099.     0.     0.     0.     0.],[1.15701e+05 4.00000e+00 0.00000e+00 0.00000e+00 0.00000e+00],[1.71382e+05 5.00000e+00 0.00000e+00 0.00000e+00 0.00000e+00]
[1.3846e+05 5.0000e+00 0.0000e+00 0.0000e+00 0.0000e+00],[1.66732e+05 9.00000e+00 0.00000e+00 0.00000e+00 0.00000e+00],[2.00731e+05 4.00000e+00 0.00000e+00 0.00000e+00 0.00000e+00],[2.41584e+05 8.00000e+00 0.00000e+00 0.00000e+00 0.00000e+00],[3.57948e+05 1.00000e+01 0.00000e+00 0.00000e+00 0.00000e+00]
[2.89269e+05 1.70000e+01 0.00000e+00 0.00000e+00 0.00000e+00],[3.48273e+05 1.90000e+01 0.00000e+00 0.00000e+00 0.00000e+00],[4.19234e+05 1.60000e+01 0.00000e+00 0.00000e+00 0.00000e+00],[5.04536e+05 2.40000e+01 0.00000e+00 0.00000e+00 0.00000e+00],[7.47507e+05 2.60000e+01 0.00000e+00 0.00000e+00 0.00000e+00]
[6.04238e+05 3.60000e+01 0.00000e+00 0.00000e+00 0.00000e+00],[7.27419e+05 4.30000e+01 0.00000e+00 0.00000e+00 0.00000e+00],[8.7554e+05 4.7000e+01 0.0000e+00 0.0000e+00 0.0000e+00],[1.053794e+06 6.100000e+01 0.000000e+00 0.000000e+00 0.000000e+00],[1.561312e+06 7.600000e+01 0.000000e+00 0.000000e+00 0.000000e+00]
[1.262057e+06 8.400000e+01 0.000000e+00 0.000000e+00 0.000000e+00],[1.519305e+06 9.900000e+01 0.000000e+00 0.000000e+00 0.000000e+00],[1.828422e+06 1.170000e+02 0.000000e+00 0.000000e+00 0.000000e+00],[2.200815e+06 1.570000e+02 0.000000e+00 0.000000e+00 0.000000e+00],[3.260991e+06 1.870000e+02 0.000000e+00 0.000000e+00 0.000000e+00]
[2.636004e+06 2.040000e+02 0.000000e+00 0.000000e+00 0.000000e+00],[3.172839e+06 2.530000e+02 0.000000e+00 0.000000e+00 0.000000e+00],[3.818831e+06 2.980000e+02 0.000000e+00 0.000000e+00 0.000000e+00],[4.596646e+06 3.620000e+02 0.000000e+00 0.000000e+00 0.000000e+00],[6.810599e+06 4.570000e+02 0.000000e+00 0.000000e+00 0.000000e+00]
[5.505357e+06 4.970000e+02 0.000000e+00 0.000000e+00 0.000000e+00],[6.626747e+06 6.120000e+02 0.000000e+00 0.000000e+00 0.000000e+00],[7.975892e+06 7.100000e+02 0.000000e+00 0.000000e+00 0.000000e+00],[9.600134e+06 8.620000e+02 0.000000e+00 0.000000e+00 0.000000e+00],[1.422432e+07 1.117000e+03 0.000000e+00 0.000000e+00 0.000000e+00]
[1.149829e+07 1.211000e+03 0.000000e+00 0.000000e+00 0.000000e+00],[1.3839833e+07 1.4090000e+03 0.0000000e+00 0.0000000e+00 0.0000000e+00],[1.6657913e+07 1.6760000e+03 0.0000000e+00 0.0000000e+00 0.0000000e+00],[2.0050679e+07 2.0380000e+03 0.0000000e+00 0.0000000e+00 0.0000000e+00],[2.970813e+07 2.681000e+03 0.000000e+00 0.000000e+00 0.000000e+00]
[2.4013999e+07 2.7670000e+03 0.0000000e+00 0.0000000e+00 0.0000000e+00],[2.8905074e+07 3.2670000e+03 0.0000000e+00 0.0000000e+00 0.0000000e+00],[3.4792367e+07 3.8930000e+03 0.0000000e+00 0.0000000e+00 0.0000000e+00],[4.1878381e+07 4.7910000e+03 0.0000000e+00 0.0000000e+00 0.0000000e+00],[6.2046715e+07 6.3340000e+03 0.0000000e+00 0.0000000e+00 0.0000000e+00]
[5.0156329e+07 6.3440000e+03 0.0000000e+00 0.0000000e+00 0.0000000e+00],[6.037088e+07 7.548000e+03 0.000000e+00 0.000000e+00 0.000000e+00],[7.266629e+07 9.064000e+03 0.000000e+00 0.000000e+00 0.000000e+00],[8.7466115e+07 1.0928000e+04 0.0000000e+00 0.0000000e+00 0.0000000e+00],[1.29589821e+08 1.47180000e+04 0.00000000e+00 0.00000000e+00
 0.00000000e+00]
[1.0475431e+08 1.4406000e+04 0.0000000e+00 0.0000000e+00 0.0000000e+00],[1.2608877e+08 1.7233000e+04 0.0000000e+00 0.0000000e+00 0.0000000e+00],[1.51770407e+08 2.07240000e+04 0.00000000e+00 0.00000000e+00
 0.00000000e+00],[1.82682332e+08 2.48850000e+04 1.00000000e+00 0.00000000e+00
 0.00000000e+00],[2.70659614e+08 3.38840000e+04 0.00000000e+00 0.00000000e+00
 0.00000000e+00]
[2.18787433e+08 3.24450000e+04 0.00000000e+00 0.00000000e+00
 0.00000000e+00],[2.63348662e+08 3.90230000e+04 1.00000000e+00 0.00000000e+00
 0.00000000e+00],[3.16986011e+08 4.68860000e+04 0.00000000e+00 0.00000000e+00
 0.00000000e+00],[3.8154865e+08 5.6455000e+04 3.0000000e+00 0.0000000e+00 0.0000000e+00],[5.65295819e+08 7.72480000e+04 1.00000000e+00 0.00000000e+00
 0.00000000e+00]
[4.56957693e+08 7.29130000e+04 2.00000000e+00 0.00000000e+00
 0.00000000e+00],[5.50026404e+08 8.77470000e+04 2.00000000e+00 0.00000000e+00
 0.00000000e+00],[6.62053596e+08 1.05626000e+05 1.00000000e+00 0.00000000e+00
 0.00000000e+00],[7.96896718e+08 1.27172000e+05 5.00000000e+00 0.00000000e+00
 0.00000000e+00],[1.18067076e+09 1.74809000e+05 4.00000000e+00 0.00000000e+00
 0.00000000e+00]
[9.5439621e+08 1.6305700e+05 3.0000000e+00 0.0000000e+00 0.0000000e+00],[1.14877812e+09 1.96193000e+05 3.00000000e+00 0.00000000e+00
 0.00000000e+00],[1.38276047e+09 2.36547000e+05 6.00000000e+00 0.00000000e+00
 0.00000000e+00],[1.66438975e+09 2.84813000e+05 8.00000000e+00 0.00000000e+00
 0.00000000e+00],[2.46593441e+09 3.93458000e+05 1.00000000e+01 0.00000000e+00
 0.00000000e+00]
[1.99334442e+09 3.63759000e+05 1.00000000e+01 0.00000000e+00
 0.00000000e+00],[2.39931955e+09 4.37724000e+05 1.10000000e+01 0.00000000e+00
 0.00000000e+00],[2.88800337e+09 5.27216000e+05 1.80000000e+01 0.00000000e+00
 0.00000000e+00],[3.47622162e+09 6.34448000e+05 1.50000000e+01 0.00000000e+00
 0.00000000e+00],[5.15032455e+09 8.80610000e+05 2.00000000e+01 0.00000000e+00
 0.00000000e+00]
[4.16326852e+09 8.07867000e+05 2.50000000e+01 0.00000000e+00
 0.00000000e+00],[5.01120277e+09 9.71762000e+05 3.00000000e+01 0.00000000e+00
 0.00000000e+00],[6.03184944e+09 1.17037700e+06 4.20000000e+01 0.00000000e+00
 0.00000000e+00],[7.26038247e+09 1.40840200e+06 5.50000000e+01 0.00000000e+00
 0.00000000e+00],[1.07568889e+10 1.96314700e+06 5.40000000e+01 0.00000000e+00
 0.00000000e+00]
[8.69532927e+09 1.78674900e+06 7.00000000e+01 0.00000000e+00
 0.00000000e+00],[1.04663318e+10 2.15073100e+06 8.80000000e+01 0.00000000e+00
 0.00000000e+00],[1.25980369e+10 2.58775900e+06 1.01000000e+02 0.00000000e+00
 0.00000000e+00],[1.5163914e+10 3.1153220e+06 1.3400000e+02 0.0000000e+00 0.0000000e+00],[2.24667032e+10 4.35840800e+06 1.52000000e+02 0.00000000e+00
 0.00000000e+00]
[1.81609331e+10 3.93964900e+06 1.86000000e+02 0.00000000e+00
 0.00000000e+00],[2.18598232e+10 4.74208100e+06 2.20000000e+02 0.00000000e+00
 0.00000000e+00],[2.63120658e+10 5.70750800e+06 2.77000000e+02 0.00000000e+00
 0.00000000e+00],[3.16711155e+10 6.87058400e+06 3.48000000e+02 0.00000000e+00
 0.00000000e+00],[4.6923612e+10 9.6405610e+06 3.9300000e+02 0.0000000e+00 0.0000000e+00]
[3.79306492e+10 8.66424700e+06 4.85000000e+02 0.00000000e+00
 0.00000000e+00],[4.56560933e+10 1.04285850e+07 5.84000000e+02 0.00000000e+00
 0.00000000e+00],[5.49549997e+10 1.25531530e+07 7.12000000e+02 0.00000000e+00
 0.00000000e+00],[6.61478244e+10 1.51098940e+07 8.59000000e+02 0.00000000e+00
 0.00000000e+00],[9.80039375e+10 2.12598220e+07 1.03100000e+03 0.00000000e+00
 0.00000000e+00]
[7.92213806e+10 1.90055370e+07 1.21400000e+03 0.00000000e+00
 0.00000000e+00],[9.53566496e+10 2.28765500e+07 1.49800000e+03 0.00000000e+00
 0.00000000e+00],[1.1477819e+11 2.7538022e+07 1.7940000e+03 0.0000000e+00 0.0000000e+00],[1.38155388e+11 3.31430790e+07 2.14100000e+03 0.00000000e+00
 0.00000000e+00],[2.04689567e+11 4.67558790e+07 2.64000000e+03 0.00000000e+00
 0.00000000e+00]
[1.65460604e+11 4.15973630e+07 3.03400000e+03 0.00000000e+00
 0.00000000e+00],[1.99160397e+11 5.00675660e+07 3.64100000e+03 0.00000000e+00
 0.00000000e+00],[2.39724006e+11 6.02702790e+07 4.40600000e+03 0.00000000e+00
 0.00000000e+00],[2.88549259e+11 7.25354820e+07 5.28400000e+03 0.00000000e+00
 0.00000000e+00],[4.27511608e+11 1.02563188e+08 6.64700000e+03 0.00000000e+00
 0.00000000e+00]
[3.4557844e+11 9.0846878e+07 7.3620000e+03 0.0000000e+00 0.0000000e+00],[4.15963341e+11 1.09349258e+08 8.81200000e+03 0.00000000e+00
 0.00000000e+00],[5.00683942e+11 1.31621804e+08 1.06160000e+04 0.00000000e+00
 0.00000000e+00],[6.02659707e+11 1.58428405e+08 1.27680000e+04 0.00000000e+00
 0.00000000e+00],[8.92894265e+11 2.24470690e+08 1.63650000e+04 0.00000000e+00
 0.00000000e+00]
[7.21769874e+11 1.98026204e+08 1.75010000e+04 0.00000000e+00
 0.00000000e+00],[8.68774841e+11 2.38366907e+08 2.10970000e+04 1.00000000e+00
 0.00000000e+00],[1.04572101e+12 2.86911140e+08 2.52580000e+04 0.00000000e+00
 0.00000000e+00],[1.25870607e+12 3.45348720e+08 3.04650000e+04 0.00000000e+00
 0.00000000e+00],[1.86488543e+12 4.90246345e+08 3.95580000e+04 0.00000000e+00
 0.00000000e+00]
[1.50747770e+12 4.30914413e+08 4.13750000e+04 2.00000000e+00
 0.00000000e+00],[1.81451011e+12 5.18688688e+08 4.98540000e+04 1.00000000e+00
 0.00000000e+00],[2.18407693e+12 6.24321085e+08 5.98290000e+04 0.00000000e+00
 0.00000000e+00],[2.62891444e+12 7.51485964e+08 7.19430000e+04 1.00000000e+00
 0.00000000e+00],[3.89497179e+12 1.06865297e+09 9.43210000e+04 1.00000000e+00
 0.00000000e+00]
[3.14849516e+12 9.36167963e+08 9.66740000e+04 2.00000000e+00
 0.00000000e+00],[3.78975829e+12 1.12684058e+09 1.16307000e+05 1.00000000e+00
 0.00000000e+00],[4.56162994e+12 1.35635212e+09 1.39950000e+05 0.00000000e+00
 0.00000000e+00],[5.49071075e+12 1.63261628e+09 1.68567000e+05 5.00000000e+00
 0.00000000e+00],[8.13497919e+12 2.32541015e+09 2.23001000e+05 4.00000000e+00
 0.00000000e+00]
[6.57589925e+12 2.03081634e+09 2.24310000e+05 4.00000000e+00
 0.00000000e+00],[7.91523176e+12 2.44443657e+09 2.69899000e+05 3.00000000e+00
 0.00000000e+00],[9.52735119e+12 2.94228324e+09 3.24893000e+05 2.00000000e+00
 0.00000000e+00],[1.14678151e+13 3.54157255e+09 3.91006000e+05 1.20000000e+01
 0.00000000e+00],[1.69905941e+13 5.05197694e+09 5.21498000e+05 8.00000000e+00
 0.00000000e+00]
[1.37343236e+13 4.39926491e+09 5.17657000e+05 1.10000000e+01
 0.00000000e+00],[1.65316338e+13 5.29528980e+09 6.22341000e+05 2.20000000e+01
 0.00000000e+00],[1.98986811e+13 6.37375492e+09 7.49197000e+05 1.60000000e+01
 0.00000000e+00],[2.39515044e+13 7.67200540e+09 9.01423000e+05 2.30000000e+01
 0.00000000e+00],[3.54862973e+13 1.09591087e+10 1.21010800e+06 2.10000000e+01
 0.00000000e+00]
[2.86853004e+13 9.51770294e+09 1.18583400e+06 3.60000000e+01
 0.00000000e+00],[3.45277209e+13 1.14562833e+10 1.42697200e+06 5.00000000e+01
 0.00000000e+00],[4.15600833e+13 1.37895064e+10 1.71680600e+06 5.20000000e+01
 0.00000000e+00],[5.00247490e+13 1.65981562e+10 2.06706800e+06 5.90000000e+01
 0.00000000e+00],[7.41161429e+13 2.37403150e+10 2.79061800e+06 7.20000000e+01
 0.00000000e+00]
[5.9911683e+13 2.0566776e+10 2.7037940e+06 1.0400000e+02 0.0000000e+00],[7.21140742e+13 2.47556434e+10 3.25601300e+06 1.26000000e+02
 0.00000000e+00],[8.68017617e+13 2.97976970e+10 3.91735300e+06 1.47000000e+02
 0.00000000e+00],[1.04480932e+14 3.58667017e+10 4.71621900e+06 1.73000000e+02
 0.00000000e+00],[1.54797854e+14 5.13616488e+10 6.39668000e+06 1.97000000e+02
 0.00000000e+00]
[1.25130633e+14 4.43927400e+10 6.13939800e+06 2.78000000e+02
 0.00000000e+00],[1.50616361e+14 5.34341941e+10 7.39268200e+06 3.36000000e+02
 0.00000000e+00],[1.81292842e+14 6.43174515e+10 8.89701100e+06 3.91000000e+02
 0.00000000e+00],[2.18217293e+14 7.74170642e+10 1.07121490e+07 4.67000000e+02
 0.00000000e+00],[3.23308451e+14 1.10986818e+11 1.45933790e+07 5.50000000e+02
 0.00000000e+00]
[2.61345945e+14 9.57197407e+10 1.38886980e+07 7.35000000e+02
 0.00000000e+00],[3.14575046e+14 1.15215175e+11 1.67214090e+07 8.59000000e+02
 0.00000000e+00],[3.78645483e+14 1.38681467e+11 2.01252940e+07 1.02100000e+03
 0.00000000e+00],[4.55765330e+14 1.66927232e+11 2.42305640e+07 1.24900000e+03
 0.00000000e+00],[6.75257128e+14 2.39561450e+11 3.31412400e+07 1.47200000e+03
 0.00000000e+00]
[5.45843177e+14 2.06188361e+11 3.13104320e+07 1.81600000e+03
 0.00000000e+00],[6.57016676e+14 2.48183369e+11 3.76881610e+07 2.19400000e+03
 0.00000000e+00],[7.90833217e+14 2.98731777e+11 4.53574870e+07 2.65000000e+03
 0.00000000e+00],[9.51904564e+14 3.59575546e+11 5.46098710e+07 3.20800000e+03
 0.00000000e+00],[1.41033180e+15 5.16543615e+11 7.49659650e+07 3.86400000e+03
 0.00000000e+00]
[1.14003979e+15 4.43736644e+11 7.03400160e+07 4.53900000e+03
 0.00000000e+00],[1.37223507e+15 5.34113825e+11 8.46661160e+07 5.50700000e+03
 0.00000000e+00],[1.65172227e+15 6.42898580e+11 1.01907574e+08 6.63600000e+03
 0.00000000e+00],[1.98813345e+15 7.73839840e+11 1.22669189e+08 8.01000000e+03
 0.00000000e+00],[2.94559763e+15 1.11267905e+12 1.68965951e+08 9.86800000e+03
 0.00000000e+00]
[2.38106983e+15 9.54131394e+11 1.57557577e+08 1.12550000e+04
 0.00000000e+00],[2.86602938e+15 1.14846154e+12 1.89652053e+08 1.35740000e+04
 0.00000000e+00],[3.44976209e+15 1.38237261e+12 2.28276303e+08 1.63100000e+04
 0.00000000e+00],[4.15238539e+15 1.66392480e+12 2.74765994e+08 1.96950000e+04
 0.00000000e+00],[6.15213057e+15 2.39458889e+12 3.79582895e+08 2.46920000e+04
 0.00000000e+00]
[4.97306634e+15 2.04990553e+12 3.51962120e+08 2.72970000e+04
 1.00000000e+00],[5.98594555e+15 2.46741493e+12 4.23652927e+08 3.28890000e+04
 0.00000000e+00],[7.20512084e+15 2.96996215e+12 5.09932928e+08 3.94340000e+04
 0.00000000e+00],[8.67260919e+15 3.57486286e+12 6.13794261e+08 4.76550000e+04
 0.00000000e+00],[1.28492467e+16 5.14889035e+12 8.50251927e+08 6.08340000e+04
 0.00000000e+00]
[106.   0.   0.   0.   0.],[148.   0.   0.   0.   0.],[159.   0.   0.   0.   0.],[131.   0.   0.   0.   0.],[170.   0.   0.   0.   0.],[264.   0.   0.   0.   0.],[297.   0.   0.   0.   0.],[236.   0.   0.   0.   0.],[214.   0.   0.   0.   0.],[356.   0.   0.   0.   0.],[410.   0.   0.   0.   0.],[327.   0.   0.   0.   0.],[219.   0.   0.   0.   0.],[375.   0.   0.   0.   0.],[442.   0.   0.   0.   0.],[355.   0.   0.   0.   0.],[992.   0.   0.   0.   0.]
[251.   0.   0.   0.   0.],[433.   0.   0.   0.   0.],[497.   0.   0.   0.   0.],[387.   0.   0.   0.   0.],[548.   0.   0.   0.   0.],[1010.    0.    0.    0.    0.],[1205.    0.    0.    0.    0.],[942.   0.   0.   0.   0.],[837.   0.   0.   0.   0.],[1613.    0.    0.    0.    0.],[1971.    0.    0.    0.    0.],[1554.    0.    0.    0.    0.],[921.   0.   0.   0.   0.],[1820.    0.    0.    0.    0.],[2267.    0.    0.    0.    0.],[1800.    0.    0.    0.    0.],[4209.    0.    0.    0.    0.]
[748.   0.   0.   0.   0.],[1432.    0.    0.    0.    0.],[1735.    0.    0.    0.    0.],[1356.    0.    0.    0.    0.],[1953.    0.    0.    0.    0.],[3879.    0.    0.    0.    0.],[4820.    0.    0.    0.    0.],[3797.    0.    0.    0.    0.],[3382.    0.    0.    0.    0.],[6858.    0.    0.    0.    0.],[8665.    0.    0.    0.    0.],[6885.    0.    0.    0.    0.],[3933.    0.    0.    0.    0.],[8088.    0.    0.    0.    0.],[10335.     0.     0.     0.     0.],[8266.    0.    0.    0.    0.],[18056.     0.     0.     0.     0.]
[2562.    0.    0.    0.    0.],[5163.    0.    0.    0.    0.],[6483.    0.    0.    0.    0.],[5126.    0.    0.    0.    0.],[7402.    0.    0.    0.    0.],[1.5196e+04 1.0000e+00 0.0000e+00 0.0000e+00 0.0000e+00],[19349.     0.     0.     0.     0.],[15411.     0.     0.     0.     0.],[1.3735e+04 1.0000e+00 0.0000e+00 0.0000e+00 0.0000e+00],[28506.     0.     0.     0.     0.],[36646.     0.     0.     0.     0.],[29376.     0.     0.     0.     0.],[16506.     0.     0.     0.     0.],[3.4502e+04 1.0000e+00 0.0000e+00 0.0000e+00 0.0000e+00],[44653.     0.     0.     0.     0.],[35928.     0.     0.     0.     0.],[76132.     0.     0.     0.     0.]
[9490.    0.    0.    0.    0.],[1.9617e+04 1.0000e+00 0.0000e+00 0.0000e+00 0.0000e+00],[25134.     0.     0.     0.     0.],[20083.     0.     0.     0.     0.],[29010.     0.     0.     0.     0.],[6.0521e+04 3.0000e+00 0.0000e+00 0.0000e+00 0.0000e+00],[78119.     0.     0.     0.     0.],[62704.     0.     0.     0.     0.],[5.5949e+04 1.0000e+00 0.0000e+00 0.0000e+00 0.0000e+00],[1.17383e+05 2.00000e+00 0.00000e+00 0.00000e+00 0.00000e+00],[1.5237e+05 2.0000e+00 0.0000e+00 0.0000e+00 0.0000e+00],[122756.      0.      0.      0.      0.],[6.843e+04 1.000e+00 0.000e+00 0.000e+00 0.000e+00],[1.44146e+05 2.00000e+00 0.00000e+00 0.00000e+00 0.00000e+00],[1.87706e+05 2.00000e+00 0.00000e+00 0.00000e+00 0.00000e+00],[151589.      0.      0.      0.      0.],[3.16544e+05 3.00000e+00 0.00000e+00 0.00000e+00 0.00000e+00]
[36731.     0.     0.     0.     0.],[7.6917e+04 1.0000e+00 0.0000e+00 0.0000e+00 0.0000e+00],[9.9599e+04 1.0000e+00 0.0000e+00 0.0000e+00 0.0000e+00],[80110.     0.     0.     0.     0.],[115780.      0.      0.      0.      0.],[2.43539e+05 5.00000e+00 0.00000e+00 0.00000e+00 0.00000e+00],[3.16722e+05 2.00000e+00 0.00000e+00 0.00000e+00 0.00000e+00],[2.55439e+05 1.00000e+00 0.00000e+00 0.00000e+00 0.00000e+00],[2.28078e+05 4.00000e+00 0.00000e+00 0.00000e+00 0.00000e+00],[4.81313e+05 7.00000e+00 0.00000e+00 0.00000e+00 0.00000e+00],[6.27739e+05 6.00000e+00 0.00000e+00 0.00000e+00 0.00000e+00],[5.07341e+05 4.00000e+00 0.00000e+00 0.00000e+00 0.00000e+00],[2.81668e+05 6.00000e+00 0.00000e+00 0.00000e+00 0.00000e+00],[5.95548e+05 7.00000e+00 0.00000e+00 0.00000e+00 0.00000e+00],[7.78263e+05 1.00000e+01 0.00000e+00 0.00000e+00 0.00000e+00],[6.29711e+05 7.00000e+00 0.00000e+00 0.00000e+00 0.00000e+00],[1.305007e+06 1.400000e+01 0.000000e+00 0.000000e+00 0.000000e+00]
[1.456e+05 1.000e+00 0.000e+00 0.000e+00 0.000e+00],[3.06909e+05 3.00000e+00 0.00000e+00 0.00000e+00 0.00000e+00],[3.99835e+05 1.00000e+01 0.00000e+00 0.00000e+00 0.00000e+00],[3.22845e+05 4.00000e+00 0.00000e+00 0.00000e+00 0.00000e+00],[4.66728e+05 2.00000e+00 0.00000e+00 0.00000e+00 0.00000e+00],[9.85911e+05 1.40000e+01 0.00000e+00 0.00000e+00 0.00000e+00],[1.28755e+06 1.60000e+01 0.00000e+00 0.00000e+00 0.00000e+00],[1.041138e+06 1.300000e+01 0.000000e+00 0.000000e+00 0.000000e+00],[9.30152e+05 1.40000e+01 0.00000e+00 0.00000e+00 0.00000e+00],[1.968446e+06 2.700000e+01 0.000000e+00 0.000000e+00 0.000000e+00],[2.57459e+06 2.90000e+01 0.00000e+00 0.00000e+00 0.00000e+00],[2.084008e+06 3.100000e+01 0.000000e+00 0.000000e+00 0.000000e+00],[1.154657e+06 2.500000e+01 0.000000e+00 0.000000e+00 0.000000e+00],[2.446085e+06 4.500000e+01 0.000000e+00 0.000000e+00 0.000000e+00],[3.202672e+06 4.900000e+01 0.000000e+00 0.000000e+00 0.000000e+00],[2.59436e+06 4.30000e+01 0.00000e+00 0.00000e+00 0.00000e+00],[5.354498e+06 6.100000e+01 0.000000e+00 0.000000e+00 0.000000e+00]
[5.84778e+05 9.00000e+00 0.00000e+00 0.00000e+00 0.00000e+00],[1.23672e+06 2.50000e+01 0.00000e+00 0.00000e+00 0.00000e+00],[1.616662e+06 4.200000e+01 0.000000e+00 0.000000e+00 0.000000e+00],[1.308008e+06 3.500000e+01 0.000000e+00 0.000000e+00 0.000000e+00],[1.891369e+06 3.400000e+01 0.000000e+00 0.000000e+00 0.000000e+00],[4.005074e+06 7.100000e+01 0.000000e+00 0.000000e+00 0.000000e+00],[5.242346e+06 1.040000e+02 0.000000e+00 0.000000e+00 0.000000e+00],[4.244839e+06 9.000000e+01 0.000000e+00 0.000000e+00 0.000000e+00],[3.793613e+06 8.500000e+01 0.000000e+00 0.000000e+00 0.000000e+00],[8.040667e+06 1.610000e+02 0.000000e+00 0.000000e+00 0.000000e+00],[1.0533215e+07 2.0700000e+02 0.0000000e+00 0.0000000e+00 0.0000000e+00],[8.533765e+06 1.950000e+02 0.000000e+00 0.000000e+00 0.000000e+00],[4.722614e+06 1.290000e+02 0.000000e+00 0.000000e+00 0.000000e+00],[1.0015127e+07 2.4600000e+02 0.0000000e+00 0.0000000e+00 0.0000000e+00],[1.3127025e+07 3.0500000e+02 0.0000000e+00 0.0000000e+00 0.0000000e+00],[1.0639318e+07 2.7600000e+02 0.0000000e+00 0.0000000e+00 0.0000000e+00],[2.1911486e+07 3.2600000e+02 0.0000000e+00 0.0000000e+00 0.0000000e+00]
[2.365097e+06 5.300000e+01 0.000000e+00 0.000000e+00 0.000000e+00],[5.011286e+06 1.400000e+02 0.000000e+00 0.000000e+00 0.000000e+00],[6.562977e+06 1.840000e+02 0.000000e+00 0.000000e+00 0.000000e+00],[5.315918e+06 1.800000e+02 0.000000e+00 0.000000e+00 0.000000e+00],[7.687995e+06 2.290000e+02 0.000000e+00 0.000000e+00 0.000000e+00],[1.6300754e+07 4.3200000e+02 0.0000000e+00 0.0000000e+00 0.0000000e+00],[2.1361595e+07 5.5400000e+02 0.0000000e+00 0.0000000e+00 0.0000000e+00],[1.7310321e+07 5.2700000e+02 0.0000000e+00 0.0000000e+00 0.0000000e+00],[1.5473319e+07 4.7500000e+02 0.0000000e+00 0.0000000e+00 0.0000000e+00],[3.2824058e+07 8.8300000e+02 0.0000000e+00 0.0000000e+00 0.0000000e+00],[4.3034739e+07 1.1780000e+03 0.0000000e+00 0.0000000e+00 0.0000000e+00],[3.488348e+07 1.082000e+03 0.000000e+00 0.000000e+00 0.000000e+00],[1.9291118e+07 6.8200000e+02 0.0000000e+00 0.0000000e+00 0.0000000e+00],[4.0935808e+07 1.3030000e+03 0.0000000e+00 0.0000000e+00 0.0000000e+00],[5.3686978e+07 1.7020000e+03 0.0000000e+00 0.0000000e+00 0.0000000e+00],[4.3526938e+07 1.4850000e+03 0.0000000e+00 0.0000000e+00 0.0000000e+00],[8.953514e+07 2.014000e+03 0.000000e+00 0.000000e+00 0.000000e+00]
[9.603084e+06 3.710000e+02 0.000000e+00 0.000000e+00 0.000000e+00],[2.0368031e+07 7.2200000e+02 0.0000000e+00 0.0000000e+00 0.0000000e+00],[2.6699973e+07 9.5200000e+02 0.0000000e+00 0.0000000e+00 0.0000000e+00],[2.1639927e+07 8.9800000e+02 0.0000000e+00 0.0000000e+00 0.0000000e+00],[3.1300369e+07 1.1380000e+03 0.0000000e+00 0.0000000e+00 0.0000000e+00],[6.6411628e+07 2.2360000e+03 0.0000000e+00 0.0000000e+00 0.0000000e+00],[8.7087135e+07 3.0150000e+03 0.0000000e+00 0.0000000e+00 0.0000000e+00],[7.0600269e+07 2.7090000e+03 1.0000000e+00 0.0000000e+00 0.0000000e+00],[6.311469e+07 2.412000e+03 0.000000e+00 0.000000e+00 0.000000e+00],[1.33948997e+08 4.72200000e+03 0.00000000e+00 0.00000000e+00
 0.00000000e+00],[1.7569672e+08 6.2250000e+03 0.0000000e+00 0.0000000e+00 0.0000000e+00],[1.42459235e+08 5.53700000e+03 0.00000000e+00 0.00000000e+00
 0.00000000e+00],[7.8753175e+07 3.3930000e+03 0.0000000e+00 0.0000000e+00 0.0000000e+00],[1.67168276e+08 6.54600000e+03 0.00000000e+00 0.00000000e+00
 0.00000000e+00],[2.19305209e+08 8.63400000e+03 0.00000000e+00 0.00000000e+00
 0.00000000e+00],[1.77837274e+08 7.48200000e+03 0.00000000e+00 0.00000000e+00
 0.00000000e+00],[3.65572381e+08 1.10890000e+04 0.00000000e+00 0.00000000e+00
 0.00000000e+00]
[3.9074109e+07 1.8000000e+03 0.0000000e+00 0.0000000e+00 0.0000000e+00],[8.2919004e+07 3.6790000e+03 0.0000000e+00 0.0000000e+00 0.0000000e+00],[1.08753664e+08 4.88700000e+03 0.00000000e+00 0.00000000e+00
 0.00000000e+00],[8.8173068e+07 4.3330000e+03 0.0000000e+00 0.0000000e+00 0.0000000e+00],[1.27544142e+08 5.76800000e+03 0.00000000e+00 0.00000000e+00
 0.00000000e+00],[2.70718643e+08 1.13370000e+04 0.00000000e+00 0.00000000e+00
 0.00000000e+00],[3.55130305e+08 1.50800000e+04 0.00000000e+00 0.00000000e+00
 0.00000000e+00],[2.87964418e+08 1.32360000e+04 1.00000000e+00 0.00000000e+00
 0.00000000e+00],[2.57448576e+08 1.18310000e+04 0.00000000e+00 0.00000000e+00
 0.00000000e+00],[5.46521117e+08 2.37280000e+04 0.00000000e+00 0.00000000e+00
 0.00000000e+00],[7.17030913e+08 3.12850000e+04 0.00000000e+00 0.00000000e+00
 0.00000000e+00],[5.81471558e+08 2.72370000e+04 0.00000000e+00 0.00000000e+00
 0.00000000e+00],[3.21385499e+08 1.61010000e+04 0.00000000e+00 0.00000000e+00
 0.00000000e+00],[6.82310293e+08 3.18910000e+04 1.00000000e+00 0.00000000e+00
 0.00000000e+00],[8.95265204e+08 4.21180000e+04 1.00000000e+00 0.00000000e+00
 0.00000000e+00],[7.2605328e+08 3.6478000e+04 0.0000000e+00 0.0000000e+00 0.0000000e+00],[1.49199399e+09 5.69920000e+04 1.00000000e+00 0.00000000e+00
 0.00000000e+00]
[1.5916889e+08 8.8420000e+03 2.0000000e+00 0.0000000e+00 0.0000000e+00],[3.37872971e+08 1.76540000e+04 0.00000000e+00 0.00000000e+00
 0.00000000e+00],[4.43265161e+08 2.34230000e+04 1.00000000e+00 0.00000000e+00
 0.00000000e+00],[3.59449104e+08 2.03780000e+04 1.00000000e+00 0.00000000e+00
 0.00000000e+00],[5.19977489e+08 2.75140000e+04 0.00000000e+00 0.00000000e+00
 0.00000000e+00],[1.10389244e+09 5.52690000e+04 0.00000000e+00 0.00000000e+00
 0.00000000e+00],[1.44838228e+09 7.31570000e+04 0.00000000e+00 0.00000000e+00
 0.00000000e+00],[1.17459239e+09 6.32810000e+04 2.00000000e+00 0.00000000e+00
 0.00000000e+00],[1.05015654e+09 5.68680000e+04 0.00000000e+00 0.00000000e+00
 0.00000000e+00],[2.22961506e+09 1.14333000e+05 0.00000000e+00 0.00000000e+00
 0.00000000e+00],[2.92561884e+09 1.51133000e+05 1.00000000e+00 0.00000000e+00
 0.00000000e+00],[2.37270377e+09 1.29948000e+05 1.00000000e+00 0.00000000e+00
 0.00000000e+00],[1.31128513e+09 7.59880000e+04 1.00000000e+00 0.00000000e+00
 0.00000000e+00],[2.78414921e+09 1.52036000e+05 2.00000000e+00 0.00000000e+00
 0.00000000e+00],[3.65344288e+09 2.00610000e+05 2.00000000e+00 0.00000000e+00
 0.00000000e+00],[2.96306715e+09 1.72626000e+05 3.00000000e+00 0.00000000e+00
 0.00000000e+00],[6.08776379e+09 2.80789000e+05 3.00000000e+00 0.00000000e+00
 0.00000000e+00]
[6.4878554e+08 4.1499000e+04 2.0000000e+00 0.0000000e+00 0.0000000e+00],[1.37741654e+09 8.31260000e+04 0.00000000e+00 0.00000000e+00
 0.00000000e+00],[1.80735111e+09 1.10330000e+05 1.00000000e+00 0.00000000e+00
 0.00000000e+00],[1.46575122e+09 9.48990000e+04 1.00000000e+00 0.00000000e+00
 0.00000000e+00],[2.12041002e+09 1.29020000e+05 1.00000000e+00 0.00000000e+00
 0.00000000e+00],[4.502034e+09 2.616160e+05 2.000000e+00 0.000000e+00 0.000000e+00],[5.90760898e+09 3.46087000e+05 3.00000000e+00 0.00000000e+00
 0.00000000e+00],[4.79119767e+09 2.95894000e+05 4.00000000e+00 0.00000000e+00
 0.00000000e+00],[4.28371354e+09 2.66150000e+05 3.00000000e+00 0.00000000e+00
 0.00000000e+00],[9.09553762e+09 5.39202000e+05 5.00000000e+00 0.00000000e+00
 0.00000000e+00],[1.19356834e+10 7.12077000e+05 4.00000000e+00 0.00000000e+00
 0.00000000e+00],[9.68037513e+09 6.07161000e+05 3.00000000e+00 0.00000000e+00
 0.00000000e+00],[5.34958695e+09 3.51667000e+05 2.00000000e+00 0.00000000e+00
 0.00000000e+00],[1.13589738e+10 7.11002000e+05 7.00000000e+00 0.00000000e+00
 0.00000000e+00],[1.49063042e+10 9.37656000e+05 1.20000000e+01 0.00000000e+00
 0.00000000e+00],[1.20898946e+10 8.00664000e+05 1.00000000e+01 0.00000000e+00
 0.00000000e+00],[2.48366393e+10 1.34306000e+06 1.60000000e+01 0.00000000e+00
 0.00000000e+00]
[2.64540891e+09 1.90186000e+05 4.00000000e+00 0.00000000e+00
 0.00000000e+00],[5.61687695e+09 3.84709000e+05 3.00000000e+00 0.00000000e+00
 0.00000000e+00],[7.37069477e+09 5.08771000e+05 2.00000000e+00 0.00000000e+00
 0.00000000e+00],[5.97789815e+09 4.34795000e+05 4.00000000e+00 0.00000000e+00
 0.00000000e+00],[8.64800324e+09 5.96285000e+05 6.00000000e+00 0.00000000e+00
 0.00000000e+00],[1.83624637e+10 1.21444700e+06 1.00000000e+01 0.00000000e+00
 0.00000000e+00],[2.40967284e+10 1.60444800e+06 1.70000000e+01 0.00000000e+00
 0.00000000e+00],[1.95436985e+10 1.36343100e+06 1.80000000e+01 0.00000000e+00
 0.00000000e+00],[1.74738378e+10 1.22461700e+06 1.40000000e+01 0.00000000e+00
 0.00000000e+00],[3.71033386e+10 2.49542900e+06 2.50000000e+01 0.00000000e+00
 0.00000000e+00],[4.86910447e+10 3.29376800e+06 3.90000000e+01 0.00000000e+00
 0.00000000e+00],[3.94915687e+10 2.79307400e+06 3.40000000e+01 0.00000000e+00
 0.00000000e+00],[2.18232274e+10 1.60884000e+06 2.40000000e+01 0.00000000e+00
 0.00000000e+00],[4.63393854e+10 3.26905800e+06 5.50000000e+01 0.00000000e+00
 0.00000000e+00],[6.08124674e+10 4.30980200e+06 6.10000000e+01 0.00000000e+00
 0.00000000e+00],[4.93232982e+10 3.66054500e+06 5.10000000e+01 0.00000000e+00
 0.00000000e+00],[1.01320624e+11 6.28805000e+06 6.00000000e+01 0.00000000e+00
 0.00000000e+00]
[1.07886219e+10 8.63194000e+05 2.10000000e+01 0.00000000e+00
 0.00000000e+00],[2.29080273e+10 1.75377900e+06 2.00000000e+01 0.00000000e+00
 0.00000000e+00],[3.0062223e+10 2.3175700e+06 3.1000000e+01 0.0000000e+00 0.0000000e+00],[2.43822408e+10 1.96811800e+06 4.40000000e+01 0.00000000e+00
 0.00000000e+00],[3.52732473e+10 2.71523300e+06 4.40000000e+01 0.00000000e+00
 0.00000000e+00],[7.48986912e+10 5.55388800e+06 7.90000000e+01 0.00000000e+00
 0.00000000e+00],[9.82912127e+10 7.33075800e+06 1.19000000e+02 0.00000000e+00
 0.00000000e+00],[7.9720887e+10 6.1979320e+06 1.0100000e+02 0.0000000e+00 0.0000000e+00],[7.12781363e+10 5.56510900e+06 9.90000000e+01 0.00000000e+00
 0.00000000e+00],[1.513528e+11 1.138787e+07 1.830000e+02 0.000000e+00 0.000000e+00],[1.98625906e+11 1.50230110e+07 2.42000000e+02 0.00000000e+00
 0.00000000e+00],[1.61100447e+11 1.26832840e+07 2.23000000e+02 0.00000000e+00
 0.00000000e+00],[8.90233994e+10 7.27354200e+06 1.49000000e+02 0.00000000e+00
 0.00000000e+00],[1.89034944e+11 1.48427480e+07 2.86000000e+02 0.00000000e+00
 0.00000000e+00],[2.48079546e+11 1.95566500e+07 3.73000000e+02 0.00000000e+00
 0.00000000e+00],[2.01212053e+11 1.65393910e+07 3.35000000e+02 0.00000000e+00
 0.00000000e+00],[4.13319941e+11 2.89522050e+07 3.67000000e+02 0.00000000e+00
 0.00000000e+00]
[4.40030074e+10 3.87216300e+06 1.04000000e+02 0.00000000e+00
 0.00000000e+00],[9.34362518e+10 7.90287400e+06 1.50000000e+02 0.00000000e+00
 0.00000000e+00],[1.2261940e+11 1.0439591e+07 2.2100000e+02 0.0000000e+00 0.0000000e+00],[9.94531212e+10 8.82455000e+06 2.00000000e+02 0.00000000e+00
 0.00000000e+00],[1.4387742e+11 1.2231628e+07 2.6600000e+02 0.0000000e+00 0.0000000e+00],[3.05512641e+11 2.50944520e+07 5.00000000e+02 0.00000000e+00
 0.00000000e+00],[4.00937681e+11 3.31083730e+07 6.77000000e+02 0.00000000e+00
 0.00000000e+00],[3.25191274e+11 2.78827930e+07 6.48000000e+02 0.00000000e+00
 0.00000000e+00],[2.90753425e+11 2.50272640e+07 5.96000000e+02 0.00000000e+00
 0.00000000e+00],[6.17396395e+11 5.13865390e+07 1.09000000e+03 0.00000000e+00
 0.00000000e+00],[8.10241572e+11 6.77545970e+07 1.50100000e+03 0.00000000e+00
 0.00000000e+00],[6.57171067e+11 5.69993480e+07 1.36400000e+03 0.00000000e+00
 0.00000000e+00],[3.63146716e+11 3.25715800e+07 8.00000000e+02 0.00000000e+00
 0.00000000e+00],[7.71122699e+11 6.67067100e+07 1.55700000e+03 0.00000000e+00
 0.00000000e+00],[1.0119891e+12 8.7847225e+07 2.0690000e+03 0.0000000e+00 0.0000000e+00],[8.20806607e+11 7.40276570e+07 1.87500000e+03 0.00000000e+00
 0.00000000e+00],[1.68603238e+12 1.31572077e+08 2.34900000e+03 0.00000000e+00
 0.00000000e+00]
[1.79482891e+11 1.72306110e+07 5.27000000e+02 0.00000000e+00
 0.00000000e+00],[3.81120041e+11 3.52946280e+07 9.15000000e+02 0.00000000e+00
 0.00000000e+00],[5.0016269e+11 4.6575826e+07 1.2490000e+03 0.0000000e+00 0.0000000e+00],[4.05671254e+11 3.92416760e+07 1.17600000e+03 0.00000000e+00
 0.00000000e+00],[5.86880716e+11 5.45861650e+07 1.51600000e+03 0.00000000e+00
 0.00000000e+00],[1.24620769e+12 1.12326512e+08 2.87800000e+03 0.00000000e+00
 0.00000000e+00],[1.63546807e+12 1.48129706e+08 3.84100000e+03 0.00000000e+00
 0.00000000e+00],[1.32649800e+12 1.24350418e+08 3.46100000e+03 0.00000000e+00
 0.00000000e+00],[1.18602396e+12 1.11573759e+08 3.16000000e+03 0.00000000e+00
 0.00000000e+00],[2.51846282e+12 2.29736217e+08 6.07600000e+03 0.00000000e+00
 0.00000000e+00],[3.30513103e+12 3.02791394e+08 8.15200000e+03 0.00000000e+00
 0.00000000e+00],[2.68073730e+12 2.53925006e+08 7.35500000e+03 0.00000000e+00
 0.00000000e+00],[1.48134397e+12 1.44701164e+08 4.35100000e+03 0.00000000e+00
 0.00000000e+00],[3.14556883e+12 2.97248448e+08 8.58300000e+03 0.00000000e+00
 0.00000000e+00],[4.12813004e+12 3.91315203e+08 1.13830000e+04 0.00000000e+00
 0.00000000e+00],[3.34826232e+12 3.28744918e+08 1.02000000e+04 1.00000000e+00
 0.00000000e+00],[6.87765838e+12 5.91677344e+08 1.36180000e+04 0.00000000e+00
 0.00000000e+00]
[7.32110268e+11 7.61395020e+07 2.60400000e+03 0.00000000e+00
 0.00000000e+00],[1.55459894e+12 1.56419278e+08 4.99400000e+03 0.00000000e+00
 0.00000000e+00],[2.04019178e+12 2.06314049e+08 6.77100000e+03 0.00000000e+00
 0.00000000e+00],[1.65476348e+12 1.73315809e+08 6.08900000e+03 0.00000000e+00
 0.00000000e+00],[2.39393501e+12 2.41799185e+08 7.88400000e+03 0.00000000e+00
 0.00000000e+00],[5.08341010e+12 4.98832981e+08 1.54600000e+04 0.00000000e+00
 0.00000000e+00],[6.67127658e+12 6.57574032e+08 2.04720000e+04 0.00000000e+00
 0.00000000e+00],[5.41096644e+12 5.50471359e+08 1.82690000e+04 0.00000000e+00
 0.00000000e+00],[4.83795917e+12 4.93775103e+08 1.65060000e+04 0.00000000e+00
 0.00000000e+00],[1.02732014e+13 1.01923359e+09 3.23170000e+04 0.00000000e+00
 0.00000000e+00],[1.34821893e+13 1.34286912e+09 4.30650000e+04 0.00000000e+00
 0.00000000e+00],[1.09352040e+13 1.12321266e+09 3.81250000e+04 0.00000000e+00
 0.00000000e+00],[6.04265000e+12 6.38561594e+08 2.27260000e+04 0.00000000e+00
 0.00000000e+00],[1.28313325e+13 1.31505782e+09 4.45600000e+04 0.00000000e+00
 0.00000000e+00],[1.68394131e+13 1.73080228e+09 5.89380000e+04 0.00000000e+00
 0.00000000e+00],[1.36582059e+13 1.45011223e+09 5.19430000e+04 2.00000000e+00
 0.00000000e+00],[2.80551516e+13 2.63777165e+09 7.48230000e+04 1.00000000e+00
 0.00000000e+00]
[2.98632414e+12 3.34468817e+08 1.31330000e+04 0.00000000e+00
 0.00000000e+00],[6.34133282e+12 6.88737882e+08 2.56260000e+04 0.00000000e+00
 0.00000000e+00],[8.32213697e+12 9.08143182e+08 3.42430000e+04 0.00000000e+00
 0.00000000e+00],[6.74995520e+12 7.60956964e+08 3.02000000e+04 0.00000000e+00
 0.00000000e+00],[9.76512381e+12 1.06441051e+09 4.01680000e+04 1.00000000e+00
 0.00000000e+00],[2.07358452e+13 2.20054910e+09 7.93870000e+04 2.00000000e+00
 0.00000000e+00],[2.72130175e+13 2.89988444e+09 1.05468000e+05 0.00000000e+00
 0.00000000e+00],[2.20720839e+13 2.42185943e+09 9.25550000e+04 0.00000000e+00
 0.00000000e+00],[1.97347212e+13 2.17189824e+09 8.33490000e+04 0.00000000e+00
 0.00000000e+00],[4.19059247e+13 4.49253731e+09 1.65585000e+05 0.00000000e+00
 0.00000000e+00],[5.49959665e+13 5.91731608e+09 2.19071000e+05 0.00000000e+00
 0.00000000e+00],[4.46064640e+13 4.93821682e+09 1.91745000e+05 4.00000000e+00
 0.00000000e+00],[2.46489122e+13 2.80178990e+09 1.13439000e+05 0.00000000e+00
 0.00000000e+00],[5.23410736e+13 5.78269179e+09 2.23961000e+05 2.00000000e+00
 0.00000000e+00],[6.86907684e+13 7.60920342e+09 2.96102000e+05 0.00000000e+00
 0.00000000e+00],[5.57141367e+13 6.36047617e+09 2.59349000e+05 4.00000000e+00
 0.00000000e+00],[1.14441408e+14 1.16744906e+10 3.90723000e+05 2.00000000e+00
 0.00000000e+00]
[1.21815132e+13 1.46174690e+09 6.44000000e+04 0.00000000e+00
 0.00000000e+00],[2.58669818e+13 3.01627708e+09 1.27730000e+05 1.00000000e+00
 0.00000000e+00],[3.39469677e+13 3.97582420e+09 1.69643000e+05 1.00000000e+00
 0.00000000e+00],[2.75338918e+13 3.32418675e+09 1.48433000e+05 1.00000000e+00
 0.00000000e+00],[3.98331566e+13 4.66023671e+09 1.98979000e+05 3.00000000e+00
 0.00000000e+00],[8.45842244e+13 9.65236369e+09 3.96322000e+05 4.00000000e+00
 0.00000000e+00],[1.11005617e+14 1.27164355e+10 5.24779000e+05 2.00000000e+00
 0.00000000e+00],[9.00351292e+13 1.05989020e+10 4.56619000e+05 2.00000000e+00
 0.00000000e+00],[8.05007302e+13 9.50308844e+09 4.11165000e+05 4.00000000e+00
 0.00000000e+00],[1.70940393e+14 1.96920427e+10 8.20857000e+05 1.00000000e+00
 0.00000000e+00],[2.24336810e+14 2.59306872e+10 1.08629600e+06 4.00000000e+00
 0.00000000e+00],[1.81956578e+14 2.15978358e+10 9.43103000e+05 1.10000000e+01
 0.00000000e+00],[1.00546602e+14 1.22325698e+10 5.53986000e+05 7.00000000e+00
 0.00000000e+00],[2.13507227e+14 2.52949257e+10 1.10109800e+06 7.00000000e+00
 0.00000000e+00],[2.80200318e+14 3.32785842e+10 1.45563000e+06 1.10000000e+01
 0.00000000e+00],[2.27266714e+14 2.77618126e+10 1.26633200e+06 1.60000000e+01
 0.00000000e+00],[4.66823787e+14 5.13531400e+10 1.97338100e+06 1.30000000e+01
 0.00000000e+00]
[4.96898398e+13 6.35987847e+09 3.11381000e+05 7.00000000e+00
 0.00000000e+00],[1.05514618e+14 1.31472955e+10 6.20166000e+05 8.00000000e+00
 0.00000000e+00],[1.38474037e+14 1.73249644e+10 8.22518000e+05 5.00000000e+00
 0.00000000e+00],[1.12314361e+14 1.44576406e+10 7.14387000e+05 6.00000000e+00
 0.00000000e+00],[1.62484730e+14 2.03086566e+10 9.63686000e+05 1.40000000e+01
 0.00000000e+00],[3.45030551e+14 4.21313457e+10 1.93068500e+06 2.00000000e+01
 0.00000000e+00],[4.52807362e+14 5.54915112e+10 2.55570400e+06 1.80000000e+01
 0.00000000e+00],[3.67266006e+14 4.61699620e+10 2.20930600e+06 1.80000000e+01
 0.00000000e+00],[3.28373917e+14 4.13892481e+10 1.98701500e+06 2.00000000e+01
 0.00000000e+00],[6.97290537e+14 8.59002109e+10 3.99005200e+06 2.70000000e+01
 0.00000000e+00],[9.15102728e+14 1.13089558e+11 5.27812400e+06 4.50000000e+01
 0.00000000e+00],[7.42227796e+14 9.40335363e+10 4.55156700e+06 5.70000000e+01
 0.00000000e+00],[4.10144296e+14 5.31768349e+10 2.65890400e+06 3.20000000e+01
 0.00000000e+00],[8.70927548e+14 1.10143200e+11 5.31809500e+06 5.00000000e+01
 0.00000000e+00],[1.14297895e+15 1.44883960e+11 7.01879800e+06 8.40000000e+01
 0.00000000e+00],[9.27055073e+14 1.20654237e+11 6.06907700e+06 9.70000000e+01
 0.00000000e+00],[1.90424285e+15 2.24697519e+11 9.72537200e+06 7.50000000e+01
 0.00000000e+00]
[2.02691292e+14 2.75629626e+10 1.47965400e+06 3.10000000e+01
 0.00000000e+00],[4.30408067e+14 5.70700620e+10 2.96162800e+06 4.50000000e+01
 0.00000000e+00],[5.64854236e+14 7.51857836e+10 3.92113700e+06 5.10000000e+01
 0.00000000e+00],[4.58145580e+14 6.26370517e+10 3.38833500e+06 4.10000000e+01
 0.00000000e+00],[6.62797477e+14 8.81399552e+10 4.59137600e+06 6.70000000e+01
 0.00000000e+00],[1.40742751e+15 1.83109679e+11 9.24987000e+06 1.30000000e+02
 0.00000000e+00],[1.84706487e+15 2.41122065e+11 1.22393080e+07 1.51000000e+02
 0.00000000e+00],[1.49813007e+15 2.00309255e+11 1.05181080e+07 1.61000000e+02
 0.00000000e+00],[1.33948389e+15 1.79539478e+11 9.45993600e+06 1.39000000e+02
 0.00000000e+00],[2.84434808e+15 3.73134818e+11 1.90762560e+07 2.63000000e+02
 0.00000000e+00],[3.73283633e+15 4.91145728e+11 2.52211370e+07 3.51000000e+02
 0.00000000e+00],[3.02765503e+15 4.07776549e+11 2.16338720e+07 3.64000000e+02
 0.00000000e+00],[1.67303782e+15 2.30288502e+11 1.25796210e+07 2.13000000e+02
 0.00000000e+00],[3.55263999e+15 4.77687151e+11 2.52822000e+07 3.46000000e+02
 0.00000000e+00],[4.66237814e+15 6.28269453e+11 3.33556360e+07 5.53000000e+02
 0.00000000e+00],[3.78159353e+15 5.22392542e+11 2.86823360e+07 5.20000000e+02
 0.00000000e+00],[7.76768235e+15 9.78662039e+11 4.69994650e+07 5.08000000e+02
 0.00000000e+00]
[8.26805205e+14 1.19042131e+11 6.93871000e+06 1.46000000e+02
 0.00000000e+00],[1.75569334e+15 2.46830706e+11 1.39413980e+07 2.70000000e+02
 0.00000000e+00],[2.30411841e+15 3.25110990e+11 1.84542520e+07 3.50000000e+02
 0.00000000e+00],[1.86883947e+15 2.70443607e+11 1.58677020e+07 3.41000000e+02
 0.00000000e+00],[2.70364328e+15 3.81146117e+11 2.16058480e+07 4.28000000e+02
 0.00000000e+00],[5.74109434e+15 7.92821102e+11 4.37082520e+07 8.08000000e+02
 0.00000000e+00],[7.53443858e+15 1.04379597e+12 5.78001100e+07 1.05100000e+03
 0.00000000e+00],[6.11108510e+15 8.65937824e+11 4.94409100e+07 9.82000000e+02
 0.00000000e+00],[5.46394523e+15 7.76041988e+11 4.44421280e+07 8.83000000e+02
 0.00000000e+00],[1.16025021e+16 1.61481145e+12 8.99881950e+07 1.61600000e+03
 0.00000000e+00],[1.52267750e+16 2.12516399e+12 1.18882828e+08 2.21500000e+03
 0.00000000e+00],[1.23502405e+16 1.76209709e+12 1.01561456e+08 2.10300000e+03
 0.00000000e+00],[6.82456122e+15 9.93929813e+11 5.88235610e+07 1.23700000e+03
 0.00000000e+00],[1.44917297e+16 2.06438938e+12 1.18718073e+08 2.41200000e+03
 0.00000000e+00],[1.90185133e+16 2.71481932e+12 1.56562764e+08 3.25500000e+03
 0.00000000e+00],[1.54256668e+16 2.25421404e+12 1.34040407e+08 3.01200000e+03
 0.00000000e+00],[3.16854919e+16 4.24537103e+12 2.23640410e+08 3.42600000e+03
 0.00000000e+00]
[3.37265290e+15 5.12547875e+11 3.21831190e+07 8.40000000e+02
 0.00000000e+00],[7.16171755e+15 1.06410298e+12 6.49194990e+07 1.53800000e+03
 0.00000000e+00],[9.39882143e+15 1.40130280e+12 8.58825570e+07 2.10700000e+03
 0.00000000e+00],[7.62325862e+15 1.16411399e+12 7.35580320e+07 1.85200000e+03
 0.00000000e+00],[1.10285412e+16 1.64290255e+12 1.00575105e+08 2.43100000e+03
 0.00000000e+00],[2.34187344e+16 3.42122315e+12 2.04162165e+08 4.62300000e+03
 0.00000000e+00],[3.07340426e+16 4.50345601e+12 2.69831846e+08 6.15600000e+03
 0.00000000e+00],[2.49279841e+16 3.73153830e+12 2.29924362e+08 5.61400000e+03
 0.00000000e+00],[2.22882095e+16 3.34374146e+12 2.06620183e+08 5.12300000e+03
 0.00000000e+00],[4.73282601e+16 6.96534961e+12 4.19769780e+08 9.75200000e+03
 0.00000000e+00],[6.21121912e+16 9.16532333e+12 5.54319887e+08 1.30530000e+04
 1.00000000e+00],[5.03783985e+16 7.59053347e+12 4.71756771e+08 1.19210000e+04
 0.00000000e+00],[2.78383602e+16 4.27690131e+12 2.72389060e+08 7.07000000e+03
 0.00000000e+00],[5.91138393e+16 8.89344995e+12 5.51614438e+08 1.37600000e+04
 0.00000000e+00],[7.75792423e+16 1.16942399e+13 7.27195700e+08 1.82240000e+04
 0.00000000e+00],[6.29235084e+16 9.69822187e+12 6.20280970e+08 1.65270000e+04
 0.00000000e+00],[1.29249652e+17 1.83505955e+13 1.05077659e+09 2.11090000e+04
 0.00000000e+00]
