[array([437.5       , 436.        ,   0.99657143]), array([437.5  , 483.   ,   1.104]), array([437.5       , 541.        ,   1.23657143]), array([437.5       , 614.        ,   1.40342857])]
[array([437.5       , 843.        ,   1.92685714]), array([437.5 , 980.  ,   2.24]), array([ 437.5       , 1145.        ,    2.61714286]), array([ 437.5  , 1358.   ,    3.104])]
[array([ 437.5       , 1705.        ,    3.89714286]), array([ 437.5       , 2025.        ,    4.62857143]), array([ 437.5       , 2416.        ,    5.52228571]), array([ 437.5       , 2889.        ,    6.60342857])]
[array([ 437.5       , 3525.        ,    8.05714286]), array([ 437.5       , 4215.        ,    9.63428571]), array([ 437.5       , 5060.        ,   11.56571429]), array([4.37428066e+02, 7.19335745e-02, 6.08100000e+03, 1.00000000e+00,
       1.38994286e+01, 2.28571429e-03])]
[array([ 437.5       , 7330.        ,   16.75428571]), array([4.37450335e+02, 4.96651152e-02, 8.80800000e+03, 1.00000000e+00,
       2.01325714e+01, 2.28571429e-03]), array([  437.5  , 10584.   ,    24.192]), array([4.37465659e+02, 3.43406593e-02, 1.27390000e+04, 1.00000000e+00,
       2.91177143e+01, 2.28571429e-03])]
[array([  437.5       , 15296.        ,    34.96228571]), array([4.37476218e+02, 2.37823440e-02, 1.83950000e+04, 1.00000000e+00,
       4.20457143e+01, 2.28571429e-03]), array([  437.5  , 22134.   ,    50.592]), array([4.37483572e+02, 1.64282227e-02, 2.66300000e+04, 1.00000000e+00,
       6.08685714e+01, 2.28571429e-03])]
[array([  437.5       , 31930.        ,    72.98285714]), array([4.37477230e+02, 2.27704479e-02, 3.84250000e+04, 2.00000000e+00,
       8.78285714e+01, 4.57142857e-03]), array([  437.5       , 46240.        ,   105.69142857]), array([4.37492141e+02, 7.85923438e-03, 5.56660000e+04, 1.00000000e+00,
       1.27236571e+02, 2.28571429e-03])]
[array([4.37493438e+02, 6.56217189e-03, 6.66690000e+04, 1.00000000e+00,
       1.52386286e+02, 2.28571429e-03]), array([4.37489094e+02, 1.09058730e-02, 8.02300000e+04, 2.00000000e+00,
       1.83382857e+02, 4.57142857e-03]), array([  437.5       , 96587.        ,   220.77028571]), array([4.37492473e+02, 7.52655800e-03, 1.16253000e+05, 2.00000000e+00,
       2.65721143e+02, 4.57142857e-03])]
[array([4.37487430e+02, 1.25699428e-02, 1.39217000e+05, 4.00000000e+00,
       3.18210286e+02, 9.14285714e-03]), array([4.37486948e+02, 1.30520651e-02, 1.67593000e+05, 5.00000000e+00,
       3.83069714e+02, 1.14285714e-02]), array([   437.5  , 201726.   ,    461.088]), array([4.37489190e+02, 1.08095866e-02, 2.42834000e+05, 6.00000000e+00,
       5.55049143e+02, 1.37142857e-02])]
[array([4.37484952e+02, 1.50482749e-02, 2.90721000e+05, 1.00000000e+01,
       6.64505143e+02, 2.28571429e-02]), array([4.37482500e+02, 1.74998000e-02, 3.49990000e+05, 1.40000000e+01,
       7.99977143e+02, 3.20000000e-02]), array([4.37488577e+02, 1.14225698e-02, 4.21304000e+05, 1.10000000e+01,
       9.62980571e+02, 2.51428571e-02]), array([4.37487059e+02, 1.29411834e-02, 5.07087000e+05, 1.50000000e+01,
       1.15905600e+03, 3.42857143e-02])]
[array([4.37477668e+02, 2.23320874e-02, 6.07279000e+05, 3.10000000e+01,
       1.38806629e+03, 7.08571429e-02]), array([4.37478456e+02, 2.15437646e-02, 7.31034000e+05, 3.60000000e+01,
       1.67093486e+03, 8.22857143e-02]), array([4.37481108e+02, 1.88924104e-02, 8.79945000e+05, 3.80000000e+01,
       2.01130286e+03, 8.68571429e-02]), array([4.37479760e+02, 2.02403252e-02, 1.05909900e+06, 4.90000000e+01,
       2.42079771e+03, 1.12000000e-01])]
[array([4.37475167e+02, 2.48325380e-02, 1.26842500e+06, 7.20000000e+01,
       2.89925714e+03, 1.64571429e-01]), array([4.37475073e+02, 2.49272240e-02, 1.52685800e+06, 8.70000000e+01,
       3.48996114e+03, 1.98857143e-01]), array([4.37475958e+02, 2.40422676e-02, 1.83780800e+06, 1.01000000e+02,
       4.20070400e+03, 2.30857143e-01]), array([4.37475279e+02, 2.47209667e-02, 2.21206600e+06, 1.25000000e+02,
       5.05615086e+03, 2.85714286e-01])]
[array([4.37470936e+02, 2.90635461e-02, 2.64919100e+06, 1.76000000e+02,
       6.05529371e+03, 4.02285714e-01]), array([4.37471054e+02, 2.89460638e-02, 3.18891000e+06, 2.11000000e+02,
       7.28893714e+03, 4.82285714e-01]), array([4.37471277e+02, 2.87228979e-02, 3.83814900e+06, 2.52000000e+02,
       8.77291200e+03, 5.76000000e-01]), array([4.37470077e+02, 2.99229989e-02, 4.61987600e+06, 3.16000000e+02,
       1.05597166e+04, 7.22285714e-01])]
[array([4.37465924e+02, 3.40764599e-02, 5.53308100e+06, 4.31000000e+02,
       1.26470423e+04, 9.85142857e-01]), array([4.37465581e+02, 3.44193327e-02, 6.65997700e+06, 5.24000000e+02,
       1.52228046e+04, 1.19771429e+00]), array([4.37465838e+02, 3.41622840e-02, 8.01625600e+06, 6.26000000e+02,
       1.83228709e+04, 1.43085714e+00]), array([4.37465724e+02, 3.42755704e-02, 9.64897400e+06, 7.56000000e+02,
       2.20547977e+04, 1.72800000e+00])]
[array([4.37460555e+02, 3.94454798e-02, 1.15560490e+07, 1.04200000e+03,
       2.64138263e+04, 2.38171429e+00]), array([4.37460247e+02, 3.97526308e-02, 1.39097650e+07, 1.26400000e+03,
       3.17937486e+04, 2.88914286e+00]), array([4.37460780e+02, 3.92195560e-02, 1.67423780e+07, 1.50100000e+03,
       3.82682926e+04, 3.43085714e+00]), array([4.37460644e+02, 3.93563430e-02, 2.01521810e+07, 1.81300000e+03,
       4.60621280e+04, 4.14400000e+00])]
[array([4.37454851e+02, 4.51494592e-02, 2.41353950e+07, 2.49100000e+03,
       5.51666171e+04, 5.69371429e+00]), array([4.37455443e+02, 4.45574444e-02, 2.90508280e+07, 2.95900000e+03,
       6.64018926e+04, 6.76342857e+00]), array([4.37455638e+02, 4.43621590e-02, 3.49671370e+07, 3.54600000e+03,
       7.99248846e+04, 8.10514286e+00]), array([4.37455464e+02, 4.45364789e-02, 4.20890180e+07, 4.28500000e+03,
       9.62034697e+04, 9.79428571e+00])]
[array([4.37450074e+02, 4.99256591e-02, 5.04079530e+07, 5.75300000e+03,
       1.15218178e+05, 1.31497143e+01]), array([4.37450433e+02, 4.95671070e-02, 6.06747480e+07, 6.87500000e+03,
       1.38685138e+05, 1.57142857e+01]), array([4.37450608e+02, 4.93918591e-02, 7.30326370e+07, 8.24600000e+03,
       1.66931742e+05, 1.88480000e+01]), array([4.37450197e+02, 4.98025285e-02, 8.79072150e+07, 1.00080000e+04,
       2.00930777e+05, 2.28754286e+01])]
[array([4.37445034e+02, 5.49662066e-02, 1.05282149e+08, 1.32290000e+04,
       2.40644912e+05, 3.02377143e+01]), array([4.37445276e+02, 5.47235857e-02, 1.26724517e+08, 1.58530000e+04,
       2.89656039e+05, 3.62354286e+01]), array([4.37445322e+02, 5.46783408e-02, 1.52534484e+08, 1.90660000e+04,
       3.48650249e+05, 4.35794286e+01]), array([4.37445286e+02, 5.47135994e-02, 1.83601402e+08, 2.29640000e+04,
       4.19660347e+05, 5.24891429e+01])]
[array([4.37440088e+02, 5.99116127e-02, 2.19889686e+08, 3.01160000e+04,
       5.02604997e+05, 6.88365714e+01]), array([4.37440230e+02, 5.97700041e-02, 2.64674375e+08, 3.61640000e+04,
       6.04970000e+05, 8.26605714e+01]), array([4.37440250e+02, 5.97498046e-02, 3.18582004e+08, 4.35150000e+04,
       7.28187438e+05, 9.94628571e+01]), array([4.37440300e+02, 5.96986259e-02, 1.14074534e-06, 3.83468847e+08,
       5.23330000e+04, 1.00000000e+00, 8.76500222e+05, 1.19618286e+02,
       2.28571429e-03])]
[array([4.37435199e+02, 6.48011561e-02, 4.59258262e+08, 6.80340000e+04,
       1.04973317e+06, 1.55506286e+02]), array([4.37435218e+02, 6.47808169e-02, 7.91312733e-07, 5.52796891e+08,
       8.18650000e+04, 1.00000000e+00, 1.26353575e+06, 1.87120000e+02,
       2.28571429e-03]), array([4.37435262e+02, 6.47376116e-02, 6.65386960e+08, 9.84730000e+04,
       1.52088448e+06, 2.25081143e+02]), array([4.37435251e+02, 6.47472126e-02, 1.63852006e-06, 8.00909177e+08,
       1.18547000e+05, 3.00000000e+00, 1.83064955e+06, 2.70964571e+02,
       6.85714286e-03])]
[array([4.37430203e+02, 6.97953368e-02, 1.36810681e-06, 9.59201872e+08,
       1.53048000e+05, 3.00000000e+00, 2.19246142e+06, 3.49824000e+02,
       6.85714286e-03]), array([4.37430208e+02, 6.97909448e-02, 1.13661097e-06, 1.15456445e+09,
       1.84208000e+05, 3.00000000e+00, 2.63900446e+06, 4.21046857e+02,
       6.85714286e-03]), array([4.37430206e+02, 6.97930209e-02, 6.29523083e-07, 1.38971936e+09,
       2.21733000e+05, 2.00000000e+00, 3.17650138e+06, 5.06818286e+02,
       4.57142857e-03]), array([4.37430199e+02, 6.97995310e-02, 1.30750398e-06, 1.67276814e+09,
       2.66919000e+05, 5.00000000e+00, 3.82347003e+06, 6.10100571e+02,
       1.14285714e-02])]
[array([4.37425228e+02, 7.47705240e-02, 1.31006280e-06, 2.00337829e+09,
       3.42444000e+05, 6.00000000e+00, 4.57915039e+06, 7.82729143e+02,
       1.37142857e-02]), array([4.37425237e+02, 7.47619570e-02, 1.26978670e-06, 2.41141025e+09,
       4.12143000e+05, 7.00000000e+00, 5.51179485e+06, 9.42041143e+02,
       1.60000000e-02]), array([4.37425190e+02, 7.48086122e-02, 1.50703495e-06, 2.90255504e+09,
       4.96396000e+05, 1.00000000e+01, 6.63441153e+06, 1.13461943e+03,
       2.28571429e-02]), array([4.37425182e+02, 7.48160971e-02, 1.50243686e-06, 3.49372565e+09,
       5.97558000e+05, 1.20000000e+01, 7.98565862e+06, 1.36584686e+03,
       2.74285714e-02])]
[array([4.37420171e+02, 7.98275006e-02, 1.98626322e-06, 4.18423055e+09,
       7.63606000e+05, 1.90000000e+01, 9.56395554e+06, 1.74538514e+03,
       4.34285714e-02]), array([4.37420178e+02, 7.98197939e-02, 1.91072593e-06, 5.03643343e+09,
       9.19041000e+05, 2.20000000e+01, 1.15118478e+07, 2.10066514e+03,
       5.02857143e-02]), array([4.37420159e+02, 7.98387742e-02, 2.16465164e-06, 6.06222477e+09,
       1.10648900e+06, 3.00000000e+01, 1.38565138e+07, 2.52911771e+03,
       6.85714286e-02]), array([4.37420167e+02, 7.98315037e-02, 1.85831569e-06, 7.29694380e+09,
       1.33173100e+06, 3.10000000e+01, 1.66787287e+07, 3.04395657e+03,
       7.08571429e-02])]
[array([4.37415133e+02, 8.48640579e-02, 2.75288731e-06, 8.73912719e+09,
       1.69550100e+06, 5.50000000e+01, 1.99751479e+07, 3.87543086e+03,
       1.25714286e-01]), array([4.37415154e+02, 8.48434346e-02, 2.74448934e-06, 1.05190425e+10,
       2.04033100e+06, 6.60000000e+01, 2.40435258e+07, 4.66361371e+03,
       1.50857143e-01]), array([4.37415135e+02, 8.48621783e-02, 2.90193955e-06, 1.26614875e+10,
       2.45643400e+06, 8.40000000e+01, 2.89405428e+07, 5.61470629e+03,
       1.92000000e-01]), array([4.37415143e+02, 8.48542160e-02, 3.01362832e-06, 1.52402968e+10,
       2.95646700e+06, 1.05000000e+02, 3.48349641e+07, 6.75763886e+03,
       2.40000000e-01])]
[array([4.37410125e+02, 8.98717677e-02, 3.59467899e-06, 1.82524000e+10,
       3.75020000e+06, 1.50000000e+02, 4.17197713e+07, 8.57188571e+03,
       3.42857143e-01]), array([4.37410124e+02, 8.98724807e-02, 3.64343859e-06, 2.19699195e+10,
       4.51405000e+06, 1.83000000e+02, 5.02169590e+07, 1.03178286e+04,
       4.18285714e-01]), array([4.37410137e+02, 8.98594435e-02, 3.57277502e-06, 2.64445953e+10,
       5.43265100e+06, 2.16000000e+02, 6.04447893e+07, 1.24174880e+04,
       4.93714286e-01]), array([4.37410131e+02, 8.98650932e-02, 3.71028435e-06, 3.18306427e+10,
       6.53954600e+06, 2.70000000e+02, 7.27557548e+07, 1.49475337e+04,
       6.17142857e-01])]
[array([4.37405110e+02, 9.48857747e-02, 4.55514577e-06, 3.81216842e+10,
       8.26969200e+06, 3.97000000e+02, 8.71352781e+07, 1.89021531e+04,
       9.07428571e-01]), array([4.37405109e+02, 9.48859897e-02, 4.52790063e-06, 4.58860395e+10,
       9.95402700e+06, 4.75000000e+02, 1.04882376e+08, 2.27520617e+04,
       1.08571429e+00]), array([4.37405112e+02, 9.48835502e-02, 4.60119863e-06, 5.52317756e+10,
       1.19810830e+07, 5.81000000e+02, 1.26244058e+08, 2.73853326e+04,
       1.32800000e+00]), array([4.37405109e+02, 9.48866967e-02, 4.67137487e-06, 6.64809903e+10,
       1.44217830e+07, 7.10000000e+02, 1.51956549e+08, 3.29640754e+04,
       1.62285714e+00])]
[array([4.37400082e+02, 9.99123943e-02, 5.61992159e-06, 7.96203785e+10,
       1.81871540e+07, 1.02300000e+03, 1.81989437e+08, 4.15706377e+04,
       2.33828571e+00]), array([4.37400083e+02, 9.99112496e-02, 5.61829041e-06, 9.58368939e+10,
       2.18911340e+07, 1.23100000e+03, 2.19055758e+08, 5.00368777e+04,
       2.81371429e+00]), array([4.37400081e+02, 9.99128866e-02, 5.64209730e-06, 1.15356274e+11,
       2.63501970e+07, 1.48800000e+03, 2.63671483e+08, 6.02290217e+04,
       3.40114286e+00]), array([4.37400081e+02, 9.99128809e-02, 5.64819234e-06, 1.38851211e+11,
       3.17170140e+07, 1.79300000e+03, 3.17374196e+08, 7.24960320e+04,
       4.09828571e+00])]
[array([4.37395059e+02, 1.04933790e-01, 6.76237941e-06, 1.66293937e+11,
       3.98949480e+07, 2.57100000e+03, 3.80100428e+08, 9.11884526e+04,
       5.87657143e+00]), array([4.37395059e+02, 1.04933982e-01, 6.82434398e-06, 2.00163528e+11,
       4.80205610e+07, 3.12300000e+03, 4.57516636e+08, 1.09761282e+05,
       7.13828571e+00]), array([4.37395056e+02, 1.04936928e-01, 6.80969286e-06, 2.40931403e+11,
       5.78026680e+07, 3.75100000e+03, 5.50700350e+08, 1.32120384e+05,
       8.57371429e+00]), array([4.37395061e+02, 1.04932580e-01, 6.78710376e-06, 2.90002605e+11,
       6.95726230e+07, 4.50000000e+03, 6.62863098e+08, 1.59023138e+05,
       1.02857143e+01])]
[array([4.37390033e+02, 1.09959466e-01, 8.01690893e-06, 3.47319019e+11,
       8.73156930e+07, 6.36600000e+03, 7.93872044e+08, 1.99578727e+05,
       1.45508571e+01]), array([4.37390034e+02, 1.09957793e-01, 8.00793090e-06, 4.18058468e+11,
       1.05097928e+08, 7.65400000e+03, 9.55562212e+08, 2.40223835e+05,
       1.74948571e+01]), array([4.37390031e+02, 1.09961282e-01, 8.02365203e-06, 5.03205692e+11,
       1.26507554e+08, 9.23100000e+03, 1.15018444e+09, 2.89160123e+05,
       2.10994286e+01]), array([4.37390036e+02, 1.09955550e-01, 8.01202259e-06, 6.05695053e+11,
       1.52265775e+08, 1.10950000e+04, 1.38444584e+09, 3.48036057e+05,
       2.53600000e+01])]
[array([4.37385010e+02, 1.14981115e-01, 9.29210391e-06, 7.25405188e+11,
       1.90696744e+08, 1.54110000e+04, 1.65806900e+09, 4.35878272e+05,
       3.52251429e+01]), array([4.37385010e+02, 1.14980863e-01, 9.27216564e-06, 8.73150550e+11,
       2.29535996e+08, 1.85100000e+04, 1.99577269e+09, 5.24653705e+05,
       4.23085714e+01]), array([4.37385010e+02, 1.14981193e-01, 9.27508357e-06, 1.05098780e+12,
       2.76287090e+08, 2.22870000e+04, 2.40225784e+09, 6.31513349e+05,
       5.09417143e+01]), array([4.37385010e+02, 1.14980870e-01, 9.27222802e-06, 1.26504559e+12,
       3.32558362e+08, 2.68180000e+04, 2.89153278e+09, 7.60133399e+05,
       6.12982857e+01])]
[array([4.37379987e+02, 1.20001939e-01, 1.05962290e-05, 1.51507035e+12,
       4.15682895e+08, 3.67050000e+04, 3.46301795e+09, 9.50132331e+05,
       8.38971429e+01]), array([4.37379986e+02, 1.20003459e-01, 1.06015496e-05, 2.39837786e-10,
       1.82364920e+12, 5.00352595e+08, 4.42030000e+04, 1.00000000e+00,
       4.16834102e+09, 1.14366307e+06, 1.01035429e+02, 2.28571429e-03]), array([4.37379987e+02, 1.20002712e-01, 1.05804366e-05, 2.19507741e+12,
       6.02257191e+08, 5.31000000e+04, 5.01731980e+09, 1.37658787e+06,
       1.21371429e+02]), array([4.37379987e+02, 1.20002910e-01, 1.05888735e-05, 2.64215531e+12,
       7.24921888e+08, 6.39660000e+04, 6.03921214e+09, 1.65696432e+06,
       1.46208000e+02])]
[array([4.37374963e+02, 1.25024742e-01, 1.19946790e-05, 2.76438787e-10,
       3.16435307e+12, 9.04538347e+08, 8.67800000e+04, 2.00000000e+00,
       7.23280703e+09, 2.06751622e+06, 1.98354286e+02, 4.57142857e-03]), array([4.37374962e+02, 1.25025510e-01, 1.19988428e-05, 1.14831352e-10,
       3.80884623e+12, 1.08877504e+09, 1.04491000e+05, 1.00000000e+00,
       8.70593423e+09, 2.48862865e+06, 2.38836571e+02, 2.28571429e-03]), array([4.37374963e+02, 1.25024728e-01, 1.19852964e-05, 4.58460537e+12,
       1.31052092e+09, 1.25631000e+05, 1.04790980e+10, 2.99547639e+06,
       2.87156571e+02]), array([4.37374963e+02, 1.25025197e-01, 1.19812034e-05, 7.92580619e-11,
       5.51836561e+12, 1.57744454e+09, 1.51167000e+05, 1.00000000e+00,
       1.26134071e+10, 3.60558752e+06, 3.45524571e+02, 2.28571429e-03])]
[array([4.37369939e+02, 1.30047196e-01, 1.34260057e-05, 1.98533192e-10,
       6.60901990e+12, 1.96512020e+09, 2.02878000e+05, 3.00000000e+00,
       1.51063312e+10, 4.49170333e+06, 4.63721143e+02, 6.85714286e-03]), array([4.37369939e+02, 1.30047235e-01, 1.34235448e-05, 1.09959655e-10,
       7.95509843e+12, 2.36536273e+09, 2.44154000e+05, 2.00000000e+00,
       1.81830821e+10, 5.40654337e+06, 5.58066286e+02, 4.57142857e-03]), array([4.37369939e+02, 1.30047402e-01, 1.34220111e-05, 9.57533721e+12,
       2.84712692e+09, 2.93848000e+05, 2.18864851e+10, 6.50771867e+06,
       6.71652571e+02]), array([4.37369939e+02, 1.30047744e-01, 1.34253923e-05, 1.89738886e-10,
       1.15255746e+13, 3.42701874e+09, 3.53786000e+05, 5.00000000e+00,
       2.63441706e+10, 7.83318570e+06, 8.08653714e+02, 1.14285714e-02])]
[array([4.37364915e+02, 1.35069978e-01, 1.49160033e-05, 2.21795536e-10,
       1.38034988e+13, 4.26288943e+09, 4.70758000e+05, 7.00000000e+00,
       3.15508543e+10, 9.74374728e+06, 1.07601829e+03, 1.60000000e-02]), array([4.37364915e+02, 1.35069931e-01, 1.49139851e-05, 1.84265615e-10,
       1.66148980e+13, 5.13112287e+09, 5.66562000e+05, 7.00000000e+00,
       3.79769097e+10, 1.17282809e+07, 1.29499886e+03, 1.60000000e-02]), array([4.37364915e+02, 1.35069611e-01, 1.49143704e-05, 1.53086108e-10,
       1.99989041e+13, 6.17617945e+09, 6.81973000e+05, 7.00000000e+00,
       4.57117809e+10, 1.41169816e+07, 1.55879543e+03, 1.60000000e-02]), array([4.37364915e+02, 1.35069979e-01, 1.49135625e-05, 2.72533877e-10,
       2.40721403e+13, 7.43412049e+09, 8.20828000e+05, 1.50000000e+01,
       5.50220349e+10, 1.69922754e+07, 1.87617829e+03, 3.42857143e-02])]
[array([4.37359892e+02, 1.40091674e-01, 1.64735001e-05, 3.79260539e-10,
       2.88297784e+13, 9.23452744e+09, 1.08589600e+06, 2.50000000e+01,
       6.58966364e+10, 2.11074913e+07, 2.48204800e+03, 5.71428571e-02]), array([4.37359892e+02, 1.40091809e-01, 1.64660054e-05, 4.66327329e-10,
       3.47016248e+13, 1.11153617e+10, 1.30646900e+06, 3.70000000e+01,
       7.93179995e+10, 2.54065411e+07, 2.98621486e+03, 8.45714286e-02]), array([4.37359892e+02, 1.40091475e-01, 1.64668595e-05, 3.76949468e-10,
       4.17694080e+13, 1.33792286e+10, 1.57264300e+06, 3.60000000e+01,
       9.54729326e+10, 3.05810939e+07, 3.59461257e+03, 8.22857143e-02]), array([4.37359891e+02, 1.40092076e-01, 1.64644771e-05, 4.08855632e-10,
       5.02767072e+13, 1.61042848e+10, 1.89267400e+06, 4.70000000e+01,
       1.14918188e+11, 3.68097939e+07, 4.32611200e+03, 1.07428571e-01])]
[array([4.37354869e+02, 1.45113404e-01, 1.80753216e-05, 5.44755720e-10,
       6.02134387e+13, 1.99786894e+10, 2.48854500e+06, 7.50000000e+01,
       1.37630717e+11, 4.56655758e+07, 5.68810286e+03, 1.71428571e-01]), array([4.37354868e+02, 1.45113783e-01, 1.80734006e-05, 5.73265271e-10,
       7.24772886e+13, 2.40478713e+10, 2.99507600e+06, 9.50000000e+01,
       1.65662374e+11, 5.49665629e+07, 6.84588800e+03, 2.17142857e-01]), array([4.37354869e+02, 1.45113349e-01, 1.80703225e-05, 5.36422890e-10,
       8.72389524e+13, 2.89456856e+10, 3.60447800e+06, 1.07000000e+02,
       1.99403320e+11, 6.61615672e+07, 8.23880686e+03, 2.44571429e-01]), array([4.37354868e+02, 1.45113675e-01, 1.80723186e-05, 5.24790012e-10,
       1.05007169e+14, 3.48412178e+10, 4.33909200e+06, 1.26000000e+02,
       2.40016386e+11, 7.96370693e+07, 9.91792457e+03, 2.88000000e-01])]
[array([4.37349845e+02, 1.50135518e-01, 1.97396875e-05, 7.44212910e-10,
       1.25760875e+14, 4.31717866e+10, 5.67618900e+06, 2.14000000e+02,
       2.87453429e+11, 9.86783693e+07, 1.29741463e+04, 4.89142857e-01]), array([4.37349845e+02, 1.50135452e-01, 1.97430873e-05, 7.45408984e-10,
       1.51374966e+14, 5.19646897e+10, 6.83345200e+06, 2.58000000e+02,
       3.45999923e+11, 1.18776434e+08, 1.56193189e+04, 5.89714286e-01]), array([4.37349845e+02, 1.50135450e-01, 1.97396682e-05, 7.36893601e-10,
       1.82205955e+14, 6.25484915e+10, 8.22381700e+06, 3.07000000e+02,
       4.16470754e+11, 1.42967980e+08, 1.87972960e+04, 7.01714286e-01]), array([4.37349845e+02, 1.50135481e-01, 1.97412572e-05, 7.29859039e-10,
       2.19316381e+14, 7.52879437e+10, 9.89958300e+06, 3.66000000e+02,
       5.01294585e+11, 1.72086728e+08, 2.26276183e+04, 8.36571429e-01])]
[array([4.37344821e+02, 1.55157203e-01, 2.14622089e-05, 9.57401629e-10,
       2.62662256e+14, 9.31849175e+10, 1.28898570e+07, 5.75000000e+02,
       6.00370872e+11, 2.12994097e+08, 2.94625303e+04, 1.31428571e+00]), array([4.37344821e+02, 1.55157045e-01, 2.14653386e-05, 9.57246757e-10,
       3.16159459e+14, 1.12164052e+11, 1.55174350e+07, 6.92000000e+02,
       7.22650191e+11, 2.56374977e+08, 3.54684229e+04, 1.58171429e+00]), array([4.37344821e+02, 1.55157186e-01, 2.14641353e-05, 9.45821401e-10,
       3.80552594e+14, 1.35008960e+11, 1.86768700e+07, 8.23000000e+02,
       8.69834501e+11, 3.08591909e+08, 4.26899886e+04, 1.88114286e+00]), array([4.37344821e+02, 1.55157101e-01, 2.14663737e-05, 9.43317169e-10,
       4.58060870e+14, 1.62506547e+11, 2.24831880e+07, 9.88000000e+02,
       1.04699628e+12, 3.71443535e+08, 5.13901440e+04, 2.25828571e+00])]
[array([4.37339798e+02, 1.60178682e-01, 2.32448713e-05, 1.20856053e-09,
       5.48592410e+14, 2.00925709e+11, 2.91580140e+07, 1.51600000e+03,
       1.25392551e+12, 4.59258764e+08, 6.66468891e+04, 3.46514286e+00]), array([4.37339798e+02, 1.60178638e-01, 2.32469661e-05, 1.19546786e-09,
       6.60325852e+14, 2.41848777e+11, 3.50998760e+07, 1.80500000e+03,
       1.50931623e+12, 5.52797205e+08, 8.02282880e+04, 4.12571429e+00]), array([4.37339798e+02, 1.60178671e-01, 2.32462150e-05, 1.19016921e-09,
       7.94816381e+14, 2.91106897e+11, 4.22474070e+07, 2.16300000e+03,
       1.81672316e+12, 6.65387193e+08, 9.65655017e+04, 4.94400000e+00]), array([4.37339798e+02, 1.60178706e-01, 2.32484208e-05, 1.19723439e-09,
       9.56698991e+14, 3.50397578e+11, 5.08568870e+07, 2.61900000e+03,
       2.18674055e+12, 8.00908750e+08, 1.16244313e+05, 5.98628571e+00])]
[array([4.37334775e+02, 1.65200143e-01, 2.50863878e-05, 1.46111374e-09,
       1.14578179e+15, 4.32811034e+11, 6.57243100e+07, 3.82800000e+03,
       2.61892981e+12, 9.89282364e+08, 1.50226994e+05, 8.74971429e+00]), array([4.37334775e+02, 1.65200149e-01, 2.50865466e-05, 1.46344126e-09,
       1.37914657e+15, 5.20962958e+11, 7.91110760e+07, 4.61500000e+03,
       3.15233501e+12, 1.19077248e+09, 1.80825317e+05, 1.05485714e+01]), array([4.37334775e+02, 1.65200183e-01, 2.50852125e-05, 1.46529836e-09,
       1.66004145e+15, 6.27069162e+11, 9.52188000e+07, 5.56200000e+03,
       3.79438045e+12, 1.43330094e+09, 2.17642971e+05, 1.27131429e+01]), array([4.37334775e+02, 1.65200212e-01, 2.50876466e-05, 1.46818109e-09,
       1.99814702e+15, 7.54786334e+11, 1.14623417e+08, 6.70800000e+03,
       4.56719318e+12, 1.72522591e+09, 2.61996382e+05, 1.53325714e+01])]
[array([4.37329752e+02, 1.70221493e-01, 2.69830227e-05, 1.75000433e-09,
       2.39306248e+15, 9.31449706e+11, 1.47650735e+08, 9.57600000e+03,
       5.46985710e+12, 2.12902790e+09, 3.37487394e+05, 2.18880000e+01]), array([4.37329752e+02, 1.70221497e-01, 2.69829909e-05, 1.75541354e-09,
       2.88046462e+15, 1.12116086e+12, 1.77722989e+08, 1.15620000e+04,
       6.58391914e+12, 2.56265339e+09, 4.06223975e+05, 2.64274286e+01]), array([4.37329751e+02, 1.70221517e-01, 2.69827314e-05, 1.75606101e-09,
       3.46713740e+15, 1.34951118e+12, 2.13918301e+08, 1.39220000e+04,
       7.92488549e+12, 3.08459698e+09, 4.88956117e+05, 3.18217143e+01]), array([4.37329751e+02, 1.70221532e-01, 2.69832048e-05, 1.75778640e-09,
       4.17329957e+15, 1.62437028e+12, 2.57492194e+08, 1.67740000e+04,
       9.53897046e+12, 3.71284634e+09, 5.88553586e+05, 3.83405714e+01])]
[array([4.37324728e+02, 1.75242742e-01, 2.89382985e-05, 2.06915150e-09,
       4.99811404e+15, 2.00282113e+12, 3.30731163e+08, 2.36480000e+04,
       1.14242607e+13, 4.57787687e+09, 7.55956944e+05, 5.40525714e+01]), array([4.37324728e+02, 1.75242707e-01, 2.89385351e-05, 2.07071742e-09,
       6.01609477e+15, 2.41074118e+12, 3.98095416e+08, 2.84860000e+04,
       1.37510737e+13, 5.51026555e+09, 9.09932379e+05, 6.51108571e+01]), array([4.37324728e+02, 1.75242731e-01, 2.89383995e-05, 2.06939917e-09,
       7.24141064e+15, 2.90174439e+12, 4.79174445e+08, 3.42660000e+04,
       1.65517957e+13, 6.63255861e+09, 1.09525587e+06, 7.83222857e+01]), array([4.37324728e+02, 1.75242740e-01, 2.89382450e-05, 2.07185475e-09,
       8.71629025e+15, 3.49275147e+12, 5.76766249e+08, 4.12940000e+04,
       1.99229491e+13, 7.98343193e+09, 1.31832285e+06, 9.43862857e+01])]
[array([108.5       , 107.        ,   0.98617512]), array([139.5      , 148.       ,   1.0609319]), array([139.5       , 159.        ,   1.13978495]), array([108.5       , 131.        ,   1.20737327]), array([139.5       , 170.        ,   1.21863799]), array([186.        , 266.        ,   1.43010753]), array([186.        , 296.        ,   1.59139785]), array([139.5       , 237.        ,   1.69892473]), array([139.5       , 215.        ,   1.54121864]), array([186.        , 357.        ,   1.91935484]), array([186.        , 410.        ,   2.20430108]), array([139.5       , 327.        ,   2.34408602]), array([108.5       , 219.        ,   2.01843318]), array([139.5       , 375.        ,   2.68817204]), array([139.5       , 442.        ,   3.16845878]), array([108.5      , 355.       ,   3.2718894])]
[array([108.5       , 251.        ,   2.31336406]), array([139.5       , 431.        ,   3.08960573]), array([139.5       , 497.        ,   3.56272401]), array([108.5       , 388.        ,   3.57603687]), array([139.5       , 547.        ,   3.92114695]), array([ 186.        , 1011.        ,    5.43548387]), array([ 186.        , 1208.        ,    6.49462366]), array([139.5       , 942.        ,   6.75268817]), array([139.5       , 838.        ,   6.00716846]), array([ 186.        , 1614.        ,    8.67741935]), array([ 186.        , 1974.        ,   10.61290323]), array([ 139.5       , 1555.        ,   11.14695341]), array([108.5       , 924.        ,   8.51612903]), array([ 139.5       , 1821.        ,   13.05376344]), array([ 139.5       , 2269.        ,   16.26523297]), array([ 108.5       , 1803.        ,   16.61751152])]
[array([108.5       , 748.        ,   6.89400922]), array([ 139.5       , 1434.        ,   10.27956989]), array([ 139.5       , 1739.        ,   12.46594982]), array([ 108.5       , 1357.        ,   12.50691244]), array([ 139.5       , 1957.        ,   14.02867384]), array([ 186.        , 3883.        ,   20.87634409]), array([ 186.        , 4824.        ,   25.93548387]), array([ 139.5       , 3801.        ,   27.24731183]), array([ 139.5       , 3384.        ,   24.25806452]), array([ 186.        , 6867.        ,   36.91935484]), array([ 186.        , 8672.        ,   46.62365591]), array([ 139.5       , 6894.        ,   49.41935484]), array([ 108.5       , 3938.        ,   36.29493088]), array([ 139.5       , 8100.        ,   58.06451613]), array([  139.5       , 10349.        ,    74.18637993]), array([ 108.5       , 8278.        ,   76.29493088])]
[array([ 108.5       , 2563.        ,   23.62211982]), array([ 139.5       , 5167.        ,   37.03942652]), array([ 139.5       , 6488.        ,   46.50896057]), array([ 108.5       , 5132.        ,   47.29953917]), array([ 139.5       , 7412.        ,   53.13261649]), array([  186.        , 15215.        ,    81.80107527]), array([  186.       , 19369.       ,   104.1344086]), array([  139.5       , 15431.        ,   110.61648746]), array([  139.5       , 13757.        ,    98.61648746]), array([  186.        , 28549.        ,   153.48924731]), array([  186.        , 36696.        ,   197.29032258]), array([  139.5       , 29407.        ,   210.80286738]), array([  108.5     , 16531.      ,   152.359447]), array([  139.5       , 34553.        ,   247.69175627]), array([  139.5       , 44701.        ,   320.43727599]), array([  108.5       , 35966.        ,   331.48387097])]
[array([ 108.5       , 9501.        ,   87.56682028]), array([  139.5      , 19644.       ,   140.8172043]), array([  139.5       , 25163.        ,   180.37992832]), array([  108.5       , 20105.        ,   185.29953917]), array([  139.5       , 29046.        ,   208.21505376]), array([1.85996930e+02, 3.06976284e-03, 6.05900000e+04, 1.00000000e+00,
       3.25752688e+02, 5.37634409e-03]), array([  186.        , 78206.        ,   420.46236559]), array([  139.5       , 62783.        ,   450.05734767]), array([1.39497510e+02, 2.49013763e-03, 5.60200000e+04, 1.00000000e+00,
       4.01577061e+02, 7.16845878e-03]), array([   186.        , 117545.        ,    631.96236559]), array([   186.        , 152539.        ,    820.10215054]), array([   139.5       , 122901.        ,    881.01075269]), array([  108.5       , 68522.        ,   631.53917051]), array([1.39499033e+02, 9.66595298e-04, 1.44320000e+05, 1.00000000e+00,
       1.03455197e+03, 7.16845878e-03]), array([1.39500000e+02, 1.87960000e+05, 1.34738351e+03]), array([1.08500000e+02, 1.51777000e+05, 1.39886636e+03])]
[array([  108.5       , 36776.        ,   338.94930876]), array([1.39498188e+02, 1.81154715e-03, 7.70050000e+04, 1.00000000e+00,
       5.52007168e+02, 7.16845878e-03]), array([  139.5       , 99740.        ,   714.98207885]), array([  108.5       , 80223.        ,   739.38248848]), array([   139.5       , 115917.        ,    830.94623656]), array([1.85997712e+02, 2.28842337e-03, 2.43833000e+05, 3.00000000e+00,
       1.31093011e+03, 1.61290323e-02]), array([1.86000000e+02, 3.17120000e+05, 1.70494624e+03]), array([1.39500000e+02, 2.55755000e+05, 1.83336918e+03]), array([1.39499389e+02, 6.10837438e-04, 2.28374000e+05, 1.00000000e+00,
       1.63708961e+03, 7.16845878e-03]), array([1.85999228e+02, 7.72014876e-04, 4.81854000e+05, 2.00000000e+00,
       2.59061290e+03, 1.07526882e-02]), array([1.85999408e+02, 5.91829884e-04, 6.28557000e+05, 2.00000000e+00,
       3.37933871e+03, 1.07526882e-02]), array([1.39500000e+02, 5.07936000e+05, 3.64111828e+03]), array([1.08499615e+02, 3.84720395e-04, 2.82022000e+05, 1.00000000e+00,
       2.59928111e+03, 9.21658986e-03]), array([1.39499532e+02, 4.67905694e-04, 5.96272000e+05, 2.00000000e+00,
       4.27435125e+03, 1.43369176e-02]), array([1.39499642e+02, 3.58032439e-04, 7.79257000e+05, 2.00000000e+00,
       5.58607168e+03, 1.43369176e-02]), array([1.08500000e+02, 6.30526000e+05, 5.81129954e+03])]
[array([1.08500000e+02, 1.45789000e+05, 1.34367742e+03]), array([1.39499092e+02, 9.07984405e-04, 3.07272000e+05, 2.00000000e+00,
       2.20266667e+03, 1.43369176e-02]), array([1.39499303e+02, 6.96857149e-04, 4.00367000e+05, 2.00000000e+00,
       2.87001434e+03, 1.43369176e-02]), array([1.08500000e+02, 3.23240000e+05, 2.97917051e+03]), array([1.39500000e+02, 4.67276000e+05, 3.34964875e+03]), array([1.85998493e+02, 1.50731931e-03, 9.87175000e+05, 8.00000000e+00,
       5.30739247e+03, 4.30107527e-02]), array([1.85998990e+02, 1.00993099e-03, 1.28919000e+06, 7.00000000e+00,
       6.93112903e+03, 3.76344086e-02]), array([1.39499465e+02, 5.35298011e-04, 1.04240600e+06, 4.00000000e+00,
       7.47244444e+03, 2.86738351e-02]), array([1.39498652e+02, 1.34807066e-03, 9.31322000e+05, 9.00000000e+00,
       6.67614337e+03, 6.45161290e-02]), array([1.85998396e+02, 1.60436599e-03, 1.97085500e+06, 1.70000000e+01,
       1.05959946e+04, 9.13978495e-02]), array([1.85998629e+02, 1.37089604e-03, 2.57785700e+06, 1.90000000e+01,
       1.38594462e+04, 1.02150538e-01]), array([1.39499131e+02, 8.69072242e-04, 2.08669500e+06, 1.30000000e+01,
       1.49583871e+04, 9.31899642e-02]), array([1.08498780e+02, 1.22003856e-03, 1.15609800e+06, 1.30000000e+01,
       1.06552811e+04, 1.19815668e-01]), array([1.39498747e+02, 1.25307962e-03, 2.44914400e+06, 2.20000000e+01,
       1.75565878e+04, 1.57706093e-01]), array([1.39498825e+02, 1.17451595e-03, 3.20682600e+06, 2.70000000e+01,
       2.29880000e+04, 1.93548387e-01]), array([1.08499165e+02, 8.35394872e-04, 2.59755400e+06, 2.00000000e+01,
       2.39405899e+04, 1.84331797e-01])]
[array([1.08499259e+02, 7.41259458e-04, 5.85486000e+05, 4.00000000e+00,
       5.39618433e+03, 3.68663594e-02]), array([1.39498535e+02, 1.46451134e-03, 1.23828400e+06, 1.30000000e+01,
       8.87658781e+03, 9.31899642e-02]), array([1.39497932e+02, 2.06821272e-03, 1.61876500e+06, 2.40000000e+01,
       1.16040502e+04, 1.72043011e-01]), array([1.08498592e+02, 1.40831198e-03, 1.30970700e+06, 1.70000000e+01,
       1.20710323e+04, 1.56682028e-01]), array([1.39498674e+02, 1.32589578e-03, 1.89379600e+06, 1.80000000e+01,
       1.35755986e+04, 1.29032258e-01]), array([1.85997774e+02, 2.22630955e-03, 4.01017600e+06, 4.80000000e+01,
       2.15600860e+04, 2.58064516e-01]), array([1.85997732e+02, 2.26790807e-03, 5.24882600e+06, 6.40000000e+01,
       2.82194946e+04, 3.44086022e-01]), array([1.39498260e+02, 1.73958034e-03, 4.25011000e+06, 5.30000000e+01,
       3.04667384e+04, 3.79928315e-01]), array([1.39498054e+02, 1.94642930e-03, 3.79844100e+06, 5.30000000e+01,
       2.72289677e+04, 3.79928315e-01]), array([1.85997505e+02, 2.49513624e-03, 8.05075500e+06, 1.08000000e+02,
       4.32836290e+04, 5.80645161e-01]), array([1.85997584e+02, 2.41616320e-03, 1.05463360e+07, 1.37000000e+02,
       5.67007312e+04, 7.36559140e-01]), array([1.39498106e+02, 1.89380574e-03, 8.54458300e+06, 1.16000000e+02,
       6.12514910e+04, 8.31541219e-01]), array([1.08498256e+02, 1.74387423e-03, 4.72847600e+06, 7.60000000e+01,
       4.35804240e+04, 7.00460829e-01]), array([1.39497913e+02, 2.08667734e-03, 1.00277540e+07, 1.50000000e+02,
       7.18835412e+04, 1.07526882e+00]), array([1.39498026e+02, 1.97408619e-03, 1.31436170e+07, 1.86000000e+02,
       9.42194767e+04, 1.33333333e+00]), array([1.08498452e+02, 1.54808744e-03, 1.06529930e+07, 1.52000000e+02,
       9.81842673e+04, 1.40092166e+00])]
[array([1.08498167e+02, 1.83268668e-03, 2.36806800e+06, 4.00000000e+01,
       2.18255115e+04, 3.68663594e-01]), array([1.39497331e+02, 2.66895510e-03, 5.01759800e+06, 9.60000000e+01,
       3.59684444e+04, 6.88172043e-01]), array([1.39497049e+02, 2.95080171e-03, 6.57112600e+06, 1.39000000e+02,
       4.71048459e+04, 9.96415771e-01]), array([1.08497615e+02, 2.38497334e-03, 5.32258400e+06, 1.17000000e+02,
       4.90560737e+04, 1.07834101e+00]), array([1.39497354e+02, 2.64583188e-03, 7.69762200e+06, 1.46000000e+02,
       5.51800860e+04, 1.04659498e+00]), array([1.85996433e+02, 3.56696315e-03, 1.63211340e+07, 3.13000000e+02,
       8.77480323e+04, 1.68279570e+00]), array([1.85996261e+02, 3.73930455e-03, 2.13885740e+07, 4.30000000e+02,
       1.14992333e+05, 2.31182796e+00]), array([1.39497111e+02, 2.88939653e-03, 1.73321530e+07, 3.59000000e+02,
       1.24244824e+05, 2.57347670e+00]), array([1.39497011e+02, 2.98930507e-03, 1.54929010e+07, 3.32000000e+02,
       1.11060222e+05, 2.37992832e+00]), array([1.85996123e+02, 3.87666232e-03, 3.28652160e+07, 6.85000000e+02,
       1.76694710e+05, 3.68279570e+00]), array([1.85996089e+02, 3.91081896e-03, 4.30887900e+07, 9.06000000e+02,
       2.31660161e+05, 4.87096774e+00]), array([1.39496957e+02, 3.04333225e-03, 3.49277280e+07, 7.62000000e+02,
       2.50377978e+05, 5.46236559e+00]), array([1.08497506e+02, 2.49394710e-03, 1.93159240e+07, 4.44000000e+02,
       1.78026949e+05, 4.09216590e+00]), array([1.39496893e+02, 3.10729816e-03, 4.09875900e+07, 9.13000000e+02,
       2.93817849e+05, 6.54480287e+00]), array([1.39496914e+02, 3.08556133e-03, 5.37541840e+07, 1.18900000e+03,
       3.85334652e+05, 8.52329749e+00]), array([1.08497538e+02, 2.46211927e-03, 4.35819930e+07, 9.89000000e+02,
       4.01677355e+05, 9.11520737e+00])]
[array([1.08497145e+02, 2.85486020e-03, 9.61510400e+06, 2.53000000e+02,
       8.86184700e+04, 2.33179724e+00]), array([1.39496224e+02, 3.77582715e-03, 2.03933900e+07, 5.52000000e+02,
       1.46189176e+05, 3.95698925e+00]), array([1.39496118e+02, 3.88221639e-03, 2.67334690e+07, 7.44000000e+02,
       1.91637771e+05, 5.33333333e+00]), array([1.08496820e+02, 3.17970391e-03, 2.16672630e+07, 6.35000000e+02,
       1.99698276e+05, 5.85253456e+00]), array([1.39496101e+02, 3.89916889e-03, 3.13396490e+07, 8.76000000e+02,
       2.24656982e+05, 6.27956989e+00]), array([1.85994943e+02, 5.05723702e-03, 6.64945810e+07, 1.80800000e+03,
       3.57497747e+05, 9.72043011e+00]), array([1.85994874e+02, 5.12570511e-03, 8.71969170e+07, 2.40300000e+03,
       4.68800629e+05, 1.29193548e+01]), array([1.39495984e+02, 4.01580415e-03, 7.06892860e+07, 2.03500000e+03,
       5.06733233e+05, 1.45878136e+01]), array([1.39495892e+02, 4.10797392e-03, 6.31946210e+07, 1.86100000e+03,
       4.53008036e+05, 1.33405018e+01]), array([1.85994684e+02, 5.31561344e-03, 1.34117658e+08, 3.83300000e+03,
       7.21062677e+05, 2.06075269e+01]), array([1.85994622e+02, 5.37839524e-03, 1.75917648e+08, 5.08700000e+03,
       9.45793806e+05, 2.73494624e+01]), array([1.39495837e+02, 4.16322516e-03, 1.42637920e+08, 4.25700000e+03,
       1.02249405e+06, 3.05161290e+01]), array([1.08496656e+02, 3.34351782e-03, 7.88531390e+07, 2.43000000e+03,
       7.26757041e+05, 2.23963134e+01]), array([1.39495809e+02, 4.19125031e-03, 1.67378317e+08, 5.02900000e+03,
       1.19984457e+06, 3.60501792e+01]), array([1.39495793e+02, 4.20745931e-03, 2.19581597e+08, 6.62300000e+03,
       1.57406163e+06, 4.74767025e+01]), array([1.08496664e+02, 3.33603917e-03, 1.78061229e+08, 5.47500000e+03,
       1.64111732e+06, 5.04608295e+01])]
[array([1.08496134e+02, 3.86584012e-03, 3.91230900e+07, 1.39400000e+03,
       3.60581475e+05, 1.28479263e+01]), array([1.39495121e+02, 4.87926250e-03, 8.30235780e+07, 2.90400000e+03,
       5.95151097e+05, 2.08172043e+01]), array([1.39495015e+02, 4.98459077e-03, 1.08890605e+08, 3.89100000e+03,
       7.80577814e+05, 2.78924731e+01]), array([1.08495945e+02, 4.05549002e-03, 8.82844280e+07, 3.30000000e+03,
       8.13681364e+05, 3.04147465e+01]), array([1.39495026e+02, 4.97440236e-03, 1.27705863e+08, 4.55400000e+03,
       9.15454215e+05, 3.26451613e+01]), array([1.85993473e+02, 6.52687421e-03, 2.71059294e+08, 9.51200000e+03,
       1.45730803e+06, 5.11397849e+01]), array([1.85993350e+02, 6.64983220e-03, 3.55577914e+08, 1.27130000e+04,
       1.91170922e+06, 6.83494624e+01]), array([1.39494860e+02, 5.13996557e-03, 4.83807001e-07, 2.88327493e+08,
       1.06240000e+04, 1.00000000e+00, 2.06686375e+06, 7.61577061e+01,
       7.16845878e-03]), array([1.39494809e+02, 5.19073430e-03, 2.57773589e+08, 9.59200000e+03,
       1.84783935e+06, 6.87598566e+01]), array([1.85993198e+02, 6.80196388e-03, 5.47209004e+08, 2.00120000e+04,
       2.94198389e+06, 1.07591398e+02]), array([1.85993138e+02, 6.86218448e-03, 7.17932642e+08, 2.64880000e+04,
       3.85985291e+06, 1.42408602e+02]), array([1.39494724e+02, 5.27617705e-03, 5.82204366e+08, 2.20210000e+04,
       4.17350800e+06, 1.57856631e+02]), array([1.08495809e+02, 4.19092939e-03, 3.21790892e+08, 1.24300000e+04,
       2.96581467e+06, 1.14562212e+02]), array([1.39494725e+02, 5.27496945e-03, 6.83171109e+08, 2.58340000e+04,
       4.89728394e+06, 1.85189964e+02]), array([1.39494695e+02, 5.30531681e-03, 8.96393806e+08, 3.40920000e+04,
       6.42576205e+06, 2.44387097e+02]), array([1.08495801e+02, 4.19852812e-03, 7.26969976e+08, 2.81320000e+04,
       6.70018411e+06, 2.59281106e+02])]
[array([1.08495238e+02, 4.76203996e-03, 1.59369555e+08, 6.99500000e+03,
       1.46884382e+06, 6.44700461e+01]), array([1.39493941e+02, 6.05892879e-03, 3.38298079e+08, 1.46940000e+04,
       2.42507584e+06, 1.05333333e+02]), array([1.39493854e+02, 6.14643855e-03, 4.43824790e+08, 1.95560000e+04,
       3.18153971e+06, 1.40186380e+02]), array([1.08495086e+02, 4.91404258e-03, 3.59902945e+08, 1.63010000e+04,
       3.31707783e+06, 1.50239631e+02]), array([1.39493861e+02, 6.13883971e-03, 5.20633132e+08, 2.29120000e+04,
       3.73213715e+06, 1.64243728e+02]), array([1.85991947e+02, 8.05282139e-03, 1.10528276e+09, 4.78550000e+04,
       5.94238041e+06, 2.57284946e+02]), array([1.85991849e+02, 8.15055288e-03, 1.45020445e+09, 6.35510000e+04,
       7.79679810e+06, 3.41672043e+02]), array([1.39493747e+02, 6.25275078e-03, 1.18609761e-07, 1.17607308e+09,
       5.27170000e+04, 1.00000000e+00, 8.43063139e+06, 3.77899642e+02,
       7.16845878e-03]), array([1.39493705e+02, 6.29503617e-03, 1.05148177e+09, 4.74510000e+04,
       7.53750376e+06, 3.40150538e+02]), array([1.85991709e+02, 8.29098829e-03, 2.23241962e+09, 9.95150000e+04,
       1.20022560e+07, 5.35026882e+02]), array([1.85991643e+02, 8.35708119e-03, 2.92930097e+09, 1.31621000e+05,
       1.57489299e+07, 7.07639785e+02]), array([1.39493608e+02, 6.39169216e-03, 2.37569580e+09, 1.08856000e+05,
       1.70300774e+07, 7.80329749e+02]), array([1.08494975e+02, 5.02529654e-03, 1.31293842e+09, 6.08130000e+04,
       1.21008149e+07, 5.60488479e+02]), array([1.39493632e+02, 6.36844669e-03, 5.00396541e-08, 2.78766179e+09,
       1.27268000e+05, 1.00000000e+00, 1.99832386e+07, 9.12315412e+02,
       7.16845878e-03]), array([1.39493592e+02, 6.40834597e-03, 3.81333403e-08, 3.65804807e+09,
       1.68051000e+05, 1.00000000e+00, 2.62225668e+07, 1.20466667e+03,
       7.16845878e-03]), array([1.08494931e+02, 5.06886223e-03, 2.96681449e+09, 1.38609000e+05,
       2.73439123e+07, 1.27750230e+03])]
[array([1.08494329e+02, 5.67019139e-03, 3.34031894e-07, 6.49604613e+08,
       3.39500000e+04, 2.00000000e+00, 5.98713929e+06, 3.12903226e+02,
       1.84331797e-02]), array([1.39492821e+02, 7.17918686e-03, 1.37915346e+09, 7.09800000e+04,
       9.88640476e+06, 5.08817204e+02]), array([1.39492740e+02, 7.26033689e-03, 7.70834596e-08, 1.80963258e+09,
       9.41880000e+04, 1.00000000e+00, 1.29722765e+07, 6.75182796e+02,
       7.16845878e-03]), array([1.08494231e+02, 5.76876095e-03, 7.39262494e-08, 1.46760091e+09,
       7.80340000e+04, 1.00000000e+00, 1.35262757e+07, 7.19207373e+02,
       9.21658986e-03]), array([1.39492749e+02, 7.25117111e-03, 2.12308302e+09, 1.10363000e+05,
       1.52192331e+07, 7.91132616e+02]), array([1.85990448e+02, 9.55223507e-03, 4.50770403e+09, 2.31510000e+05,
       2.42349679e+07, 1.24467742e+03]), array([1.85990362e+02, 9.63769843e-03, 5.91503754e+09, 3.06507000e+05,
       3.18012771e+07, 1.64788710e+03]), array([1.39492637e+02, 7.36339927e-03, 5.81553616e-08, 4.79724079e+09,
       2.53232000e+05, 2.00000000e+00, 3.43888229e+07, 1.81528315e+03,
       1.43369176e-02]), array([1.39492587e+02, 7.41264892e-03, 4.28911565e+09, 2.27924000e+05,
       3.07463487e+07, 1.63386380e+03]), array([1.85990231e+02, 9.76922231e-03, 9.10697414e+09, 4.78348000e+05,
       4.89622265e+07, 2.57176344e+03]), array([1.85990159e+02, 9.84110552e-03, 1.55631201e-08, 1.19506987e+10,
       6.32335000e+05, 1.00000000e+00, 6.42510684e+07, 3.39965054e+03,
       5.37634409e-03]), array([1.39492498e+02, 7.50199703e-03, 1.43916854e-08, 9.69257554e+09,
       5.21273000e+05, 1.00000000e+00, 6.94808282e+07, 3.73672401e+03,
       7.16845878e-03]), array([1.08494115e+02, 5.88546726e-03, 2.02552519e-08, 5.35634488e+09,
       2.90565000e+05, 1.00000000e+00, 4.93672339e+07, 2.67801843e+03,
       9.21658986e-03]), array([1.39492525e+02, 7.47522304e-03, 2.45298387e-08, 1.13732933e+10,
       6.09480000e+05, 2.00000000e+00, 8.15289841e+07, 4.36903226e+03,
       1.43369176e-02]), array([1.39492485e+02, 7.51548007e-03, 1.86923412e-08, 1.49250951e+10,
       8.04124000e+05, 2.00000000e+00, 1.06989929e+08, 5.76432975e+03,
       1.43369176e-02]), array([1.08494066e+02, 5.93378093e-03, 2.68878902e-08, 1.21051595e+10,
       6.62058000e+05, 3.00000000e+00, 1.11568290e+08, 6.10191705e+03,
       2.76497696e-02])]
[array([1.08493449e+02, 6.55113894e-03, 8.19204689e-08, 2.64875068e+09,
       1.59939000e+05, 2.00000000e+00, 2.44124486e+07, 1.47409217e+03,
       1.84331797e-02]), array([1.39491694e+02, 8.30587383e-03, 5.62395523e+09, 3.34872000e+05,
       4.03150913e+07, 2.40051613e+03]), array([1.39491614e+02, 8.38595474e-03, 3.78026675e-08, 7.37998789e+09,
       4.43670000e+05, 2.00000000e+00, 5.29031390e+07, 3.18043011e+03,
       1.43369176e-02]), array([1.08493360e+02, 6.63980215e-03, 3.62523663e-08, 5.98544985e+09,
       3.66310000e+05, 2.00000000e+00, 5.51654364e+07, 3.37612903e+03,
       1.84331797e-02]), array([1.39491632e+02, 8.36834659e-03, 3.22192210e-08, 8.65890778e+09,
       5.19463000e+05, 2.00000000e+00, 6.20710235e+07, 3.72374910e+03,
       1.43369176e-02]), array([1.85988953e+02, 1.10464705e-02, 4.04641141e-08, 1.83855703e+10,
       1.09197700e+06, 4.00000000e+00, 9.88471520e+07, 5.87084409e+03,
       2.15053763e-02]), array([1.85988870e+02, 1.11304407e-02, 5.39611010e-08, 2.41270482e+10,
       1.44387500e+06, 7.00000000e+00, 1.29715313e+08, 7.76276882e+03,
       3.76344086e-02]), array([1.39491523e+02, 8.47688101e-03, 4.27705878e-08, 1.95683338e+10,
       1.18916500e+06, 6.00000000e+00, 1.40274794e+08, 8.52448029e+03,
       4.30107527e-02]), array([1.39491473e+02, 8.52674081e-03, 4.78369713e-08, 1.74958576e+10,
       1.06947500e+06, 6.00000000e+00, 1.25418334e+08, 7.66648746e+03,
       4.30107527e-02]), array([1.85988743e+02, 1.12569236e-02, 6.50835078e-08, 3.71500207e+10,
       2.24849600e+06, 1.30000000e+01, 1.99731294e+08, 1.20886882e+04,
       6.98924731e-02]), array([1.85988671e+02, 1.13288392e-02, 6.10395389e-08, 4.87523136e+10,
       2.96957400e+06, 1.60000000e+01, 2.62109213e+08, 1.59654516e+04,
       8.60215054e-02]), array([1.39491384e+02, 8.61611428e-03, 4.93882843e-08, 3.95413487e+10,
       2.44239300e+06, 1.40000000e+01, 2.83450528e+08, 1.75081935e+04,
       1.00358423e-01]), array([1.08493253e+02, 6.74723387e-03, 3.47562913e-08, 2.18508000e+10,
       1.35890900e+06, 7.00000000e+00, 2.01389862e+08, 1.25245069e+04,
       6.45161290e-02]), array([1.39491411e+02, 8.58943494e-03, 5.71220387e-08, 4.63977978e+10,
       2.85702800e+06, 1.90000000e+01, 3.32600701e+08, 2.04804875e+04,
       1.36200717e-01]), array([1.39491370e+02, 8.63029075e-03, 6.41453934e-08, 6.08891480e+10,
       3.76719400e+06, 2.80000000e+01, 4.36481348e+08, 2.70049749e+04,
       2.00716846e-01]), array([1.08493200e+02, 6.80027417e-03, 5.27246190e-08, 4.93855971e+10,
       3.09545300e+06, 2.40000000e+01, 4.55166794e+08, 2.85295207e+04,
       2.21198157e-01])]
[array([1.08492577e+02, 7.42261425e-03, 7.03046496e-08, 1.08022449e+10,
       7.39045000e+05, 7.00000000e+00, 9.95598607e+07, 6.81147465e+03,
       6.45161290e-02]), array([1.39490571e+02, 9.42908116e-03, 6.68963794e-08, 2.29369107e+10,
       1.55045600e+06, 1.10000000e+01, 1.64422299e+08, 1.11143799e+04,
       7.88530466e-02]), array([1.39490497e+02, 9.50321805e-03, 6.95132603e-08, 3.01001196e+10,
       2.05066300e+06, 1.50000000e+01, 2.15771467e+08, 1.47000932e+04,
       1.07526882e-01]), array([1.08492492e+02, 7.50788928e-03, 6.66605932e-08, 2.44130348e+10,
       1.68942900e+06, 1.50000000e+01, 2.25004929e+08, 1.55707742e+04,
       1.38248848e-01]), array([1.39490512e+02, 9.48803363e-03, 7.89918389e-08, 3.53177022e+10,
       2.40228200e+06, 2.00000000e+01, 2.53173492e+08, 1.72206595e+04,
       1.43369176e-01]), array([1.85987464e+02, 1.25357968e-02, 1.06642844e-07, 7.49929454e+10,
       5.05462200e+06, 4.30000000e+01, 4.03187878e+08, 2.71753871e+04,
       2.31182796e-01]), array([1.85987381e+02, 1.26187004e-02, 1.17169436e-07, 9.84148937e+10,
       6.67716300e+06, 6.20000000e+01, 5.29112332e+08, 3.58987258e+04,
       3.33333333e-01]), array([1.39490407e+02, 9.59299610e-03, 9.78618054e-08, 7.98213639e+10,
       5.48945300e+06, 5.60000000e+01, 5.72196157e+08, 3.93509176e+04,
       4.01433692e-01]), array([1.39490360e+02, 9.64004466e-03, 1.05544232e-07, 7.13679875e+10,
       4.93217300e+06, 5.40000000e+01, 5.11598477e+08, 3.53560789e+04,
       3.87096774e-01]), array([1.85987258e+02, 1.27421402e-02, 1.36229000e-07, 1.51543252e+11,
       1.03823530e+07, 1.11000000e+02, 8.14748667e+08, 5.58191022e+04,
       5.96774194e-01]), array([1.85987185e+02, 1.28147385e-02, 1.43084447e-07, 1.98875838e+11,
       1.37027820e+07, 1.53000000e+02, 1.06922494e+09, 7.36708710e+04,
       8.22580645e-01]), array([1.39490269e+02, 9.73125057e-03, 1.10690410e-07, 1.61303534e+11,
       1.12530080e+07, 1.28000000e+02, 1.15629774e+09, 8.06667240e+04,
       9.17562724e-01]), array([1.08492387e+02, 7.61299604e-03, 9.37211081e-08, 8.91358837e+10,
       6.25473500e+06, 7.70000000e+01, 8.21528882e+08, 5.76473272e+04,
       7.09677419e-01]), array([1.39490298e+02, 9.70196512e-03, 1.23075398e-07, 1.89273243e+11,
       1.31645170e+07, 1.67000000e+02, 1.35679744e+09, 9.43692975e+04,
       1.19713262e+00]), array([1.39490256e+02, 9.74362056e-03, 1.18491793e-07, 2.48392259e+11,
       1.73506020e+07, 2.11000000e+02, 1.78058967e+09, 1.24377075e+05,
       1.51254480e+00]), array([1.08492333e+02, 7.66689750e-03, 9.31628881e-08, 2.01466206e+11,
       1.42371420e+07, 1.73000000e+02, 1.85683139e+09, 1.31217899e+05,
       1.59447005e+00])]
[array([1.08491704e+02, 8.29575937e-03, 1.37896656e-07, 4.40586134e+10,
       3.36891800e+06, 5.60000000e+01, 4.06070169e+08, 3.10499355e+04,
       5.16129032e-01]), array([1.39489450e+02, 1.05494055e-02, 1.49100428e-07, 9.35540242e+10,
       7.07536900e+06, 1.00000000e+02, 6.70638166e+08, 5.07194910e+04,
       7.16845878e-01]), array([1.39489378e+02, 1.06219410e-02, 1.59060672e-07, 1.22773987e+11,
       9.34908500e+06, 1.40000000e+02, 8.80100265e+08, 6.70185305e+04,
       1.00358423e+00]), array([1.08491624e+02, 8.37564114e-03, 1.44904251e-07, 9.95787625e+10,
       7.68756100e+06, 1.33000000e+02, 9.17776613e+08, 7.08530968e+04,
       1.22580645e+00]), array([1.39489394e+02, 1.06055998e-02, 1.65576030e-07, 1.44058814e+11,
       1.09530200e+07, 1.71000000e+02, 1.03267967e+09, 7.85162724e+04,
       1.22580645e+00]), array([1.85985975e+02, 1.40248816e-02, 2.14624646e-07, 3.05897064e+11,
       2.30671700e+07, 3.53000000e+02, 1.64460787e+09, 1.24017043e+05,
       1.89784946e+00]), array([1.85985893e+02, 1.41066531e-02, 2.24697758e-07, 4.01442182e+11,
       3.04485760e+07, 4.85000000e+02, 2.15829130e+09, 1.63702022e+05,
       2.60752688e+00]), array([1.39489291e+02, 1.07083381e-02, 1.73504157e-07, 3.25601208e+11,
       2.49958100e+07, 4.05000000e+02, 2.33405884e+09, 1.79181434e+05,
       2.90322581e+00]), array([1.39489245e+02, 1.07550287e-02, 1.83034183e-07, 2.91119892e+11,
       2.24461950e+07, 3.82000000e+02, 2.08688094e+09, 1.60904624e+05,
       2.73835125e+00]), array([1.85985772e+02, 1.42280145e-02, 2.37682175e-07, 6.18173237e+11,
       4.72905950e+07, 7.90000000e+02, 3.32351203e+09, 2.54250511e+05,
       4.24731183e+00]), array([1.85985699e+02, 1.43007155e-02, 2.40947058e-07, 8.11261076e+11,
       6.23790640e+07, 1.05100000e+03, 4.36161869e+09, 3.35371312e+05,
       5.65053763e+00]), array([1.39489154e+02, 1.08460654e-02, 1.87186965e-07, 6.57999463e+11,
       5.11631550e+07, 8.83000000e+02, 4.71684203e+09, 3.66760968e+05,
       6.32974910e+00]), array([1.08491520e+02, 8.47940649e-03, 1.52769062e-07, 3.63605418e+11,
       2.84184250e+07, 5.12000000e+02, 3.35120201e+09, 2.61920968e+05,
       4.71889401e+00]), array([1.39489184e+02, 1.08154949e-02, 1.91683763e-07, 7.72094736e+11,
       5.98654780e+07, 1.06100000e+03, 5.53472929e+09, 4.29143211e+05,
       7.60573477e+00]), array([1.39489143e+02, 1.08569462e-02, 1.92728319e-07, 1.01326469e+12,
       7.88660680e+07, 1.40000000e+03, 7.26354615e+09, 5.65348158e+05,
       1.00358423e+01]), array([1.08491467e+02, 8.53331347e-03, 1.54055563e-07, 8.21843360e+11,
       6.46414620e+07, 1.16700000e+03, 7.57459318e+09, 5.95773843e+05,
       1.07557604e+01])]
[array([1.08490836e+02, 9.16381784e-03, 2.00428694e-07, 1.79709585e+11,
       1.51794010e+07, 3.32000000e+02, 1.65630954e+09, 1.39902313e+05,
       3.05990783e+00]), array([1.39488333e+02, 1.16665022e-02, 2.36866712e-07, 3.81600434e+11,
       3.19162340e+07, 6.48000000e+02, 2.73548698e+09, 2.28790208e+05,
       4.64516129e+00]), array([1.39488261e+02, 1.17391747e-02, 2.47617313e-07, 5.00793188e+11,
       4.21461900e+07, 8.89000000e+02, 3.58991532e+09, 3.02123226e+05,
       6.37275986e+00]), array([1.08490756e+02, 9.24395739e-03, 2.01124634e-07, 4.06183657e+11,
       3.46088880e+07, 7.53000000e+02, 3.74362817e+09, 3.18975926e+05,
       6.94009217e+00]), array([1.39488277e+02, 1.17223501e-02, 2.50908706e-07, 5.87620540e+11,
       4.93825990e+07, 1.05700000e+03, 4.21233362e+09, 3.53997125e+05,
       7.57706093e+00]), array([1.85984488e+02, 1.55118877e-02, 3.27319956e-07, 1.24777585e+12,
       1.04069748e+08, 2.19600000e+03, 6.70847229e+09, 5.59514774e+05,
       1.18064516e+01]), array([1.85984406e+02, 1.55939856e-02, 3.34823395e-07, 1.63752604e+12,
       1.37299455e+08, 2.94800000e+03, 8.80390344e+09, 7.38169113e+05,
       1.58494624e+01]), array([1.39488176e+02, 1.18239849e-02, 2.63712302e-07, 1.32817015e+12,
       1.12584911e+08, 2.51100000e+03, 9.52093301e+09, 8.07060294e+05,
       1.80000000e+01]), array([1.39488129e+02, 1.18702861e-02, 2.66638311e-07, 1.18751897e+12,
       1.01056556e+08, 2.27000000e+03, 8.51268082e+09, 7.24419756e+05,
       1.62724014e+01]), array([1.85984285e+02, 1.57142538e-02, 3.45765921e-07, 2.52163177e+12,
       2.13058654e+08, 4.68800000e+03, 1.35571600e+10, 1.14547663e+06,
       2.52043011e+01]), array([1.85984213e+02, 1.57869298e-02, 3.54120238e-07, 3.30928989e+12,
       2.80903021e+08, 6.30100000e+03, 1.77918811e+10, 1.51023130e+06,
       3.38763441e+01]), array([1.39488039e+02, 1.19611992e-02, 2.74806531e-07, 2.68411652e+12,
       2.30164913e+08, 5.28800000e+03, 1.92409786e+10, 1.64992769e+06,
       3.79068100e+01]), array([1.08490653e+02, 9.34632937e-03, 2.14170311e-07, 1.48321508e+12,
       1.27777059e+08, 2.92800000e+03, 1.36701850e+10, 1.17766875e+06,
       2.69861751e+01]), array([1.39488070e+02, 1.19298700e-02, 2.71045499e-07, 3.14953390e+12,
       2.69367337e+08, 6.12000000e+03, 2.25773040e+10, 1.93094865e+06,
       4.38709677e+01]), array([1.39488029e+02, 1.19710285e-02, 2.74566407e-07, 4.13333377e+12,
       3.54727619e+08, 8.13600000e+03, 2.96296328e+10, 2.54285032e+06,
       5.83225806e+01]), array([1.08490600e+02, 9.40016493e-03, 2.20250219e-07, 3.35249165e+12,
       2.90476544e+08, 6.80600000e+03, 3.08985406e+10, 2.67720317e+06,
       6.27281106e+01])]
[array([1.08489968e+02, 1.00318735e-02, 2.74245990e-07, 7.33035004e+11,
       6.77824370e+07, 1.85300000e+03, 6.75608299e+09, 6.24722922e+05,
       1.70783410e+01]), array([1.39487217e+02, 1.27827662e-02, 3.35867917e-07, 1.55655858e+12,
       1.42644788e+08, 3.74800000e+03, 1.11581261e+10, 1.02254328e+06,
       2.68673835e+01]), array([1.39487145e+02, 1.28543164e-02, 3.43056544e-07, 2.04276359e+12,
       1.88249100e+08, 5.02400000e+03, 1.46434666e+10, 1.34945591e+06,
       3.60143369e+01]), array([1.08489888e+02, 1.01115993e-02, 2.78746073e-07, 1.65685367e+12,
       1.54423981e+08, 4.25700000e+03, 1.52705407e+10, 1.42326250e+06,
       3.92350230e+01]), array([1.39487162e+02, 1.28376164e-02, 3.45902395e-07, 2.39695273e+12,
       2.20602092e+08, 5.94400000e+03, 1.71824569e+10, 1.58137700e+06,
       4.26093190e+01]), array([1.85983001e+02, 1.69986839e-02, 4.50432131e-07, 5.08980664e+12,
       4.65203883e+08, 1.23270000e+04, 2.73645518e+10, 2.50109615e+06,
       6.62741935e+01]), array([1.85982919e+02, 1.70806690e-02, 4.57713144e-07, 6.67967098e+12,
       6.13460900e+08, 1.64390000e+04, 3.59122096e+10, 3.29817688e+06,
       8.83817204e+01]), array([1.39487061e+02, 1.29390534e-02, 3.54421247e-07, 5.41778714e+12,
       5.02563012e+08, 1.37660000e+04, 3.88371838e+10, 3.60260224e+06,
       9.86810036e+01]), array([1.39487014e+02, 1.29852314e-02, 3.59310122e-07, 4.84405771e+12,
       4.50946709e+08, 1.24780000e+04, 3.47244280e+10, 3.23259290e+06,
       8.94480287e+01]), array([1.85982799e+02, 1.72004580e-02, 4.69851131e-07, 1.02861283e+13,
       9.51303663e+08, 2.59860000e+04, 5.53017651e+10, 5.11453582e+06,
       1.39709677e+02]), array([1.85982726e+02, 1.72731282e-02, 4.77482025e-07, 1.34991539e+13,
       1.25373265e+09, 3.46570000e+04, 7.25760963e+10, 6.74049811e+06,
       1.86327957e+02]), array([1.39486924e+02, 1.30757718e-02, 3.68992926e-07, 1.09489884e+13,
       1.02637918e+09, 2.89640000e+04, 7.84873720e+10, 7.35755681e+06,
       2.07627240e+02]), array([1.08489786e+02, 1.02132690e-02, 2.88892113e-07, 6.05028268e+12,
       5.69575868e+08, 1.61110000e+04, 5.57629740e+10, 5.24954717e+06,
       1.48488479e+02]), array([1.39486955e+02, 1.30444739e-02, 3.66254165e-07, 1.28475070e+13,
       1.20146697e+09, 3.37340000e+04, 9.20968243e+10, 8.61266644e+06,
       2.41820789e+02]), array([1.39486914e+02, 1.30854776e-02, 3.70354309e-07, 1.68606400e+13,
       1.58172204e+09, 4.47670000e+04, 1.20864803e+11, 1.13385093e+07,
       3.20910394e+02]), array([1.08489733e+02, 1.02671355e-02, 2.95875509e-07, 7.93317001e-12,
       1.36754579e+13, 1.29420338e+09, 3.72960000e+04, 1.00000000e+00,
       1.26041087e+11, 1.19281418e+07, 3.43741935e+02, 9.21658986e-03])]
[array([1.08489100e+02, 1.08994423e-02, 3.51507879e-07, 2.99009628e+12,
       3.00402362e+08, 9.68800000e+03, 2.75584911e+10, 2.76868536e+06,
       8.92903226e+01]), array([1.39486101e+02, 1.38984621e-02, 4.40734969e-07, 6.34932638e+12,
       6.32649929e+08, 2.00620000e+04, 4.55148844e+10, 4.53512494e+06,
       1.43813620e+02]), array([1.39486030e+02, 1.39697339e-02, 4.49595974e-07, 8.33262752e+12,
       8.34525075e+08, 2.68580000e+04, 5.97320969e+10, 5.98225860e+06,
       1.92530466e+02]), array([1.08489021e+02, 1.09790910e-02, 3.60983637e-07, 6.75848112e+12,
       6.83958424e+08, 2.24880000e+04, 6.22901485e+10, 6.30376428e+06,
       2.07262673e+02]), array([1.39486047e+02, 1.39525898e-02, 4.47827804e-07, 9.77743334e+12,
       9.78022674e+08, 3.13910000e+04, 7.00891279e+10, 7.01091523e+06,
       2.25025090e+02]), array([1.85981514e+02, 1.84853026e-02, 5.87157641e-07, 2.07619376e+13,
       2.06359595e+09, 6.55470000e+04, 1.11623320e+11, 1.10946019e+07,
       3.52403226e+02]), array([1.85981432e+02, 1.85672710e-02, 5.94872797e-07, 2.72472600e+13,
       2.72020306e+09, 8.71520000e+04, 1.46490645e+11, 1.46247476e+07,
       4.68559140e+02]), array([1.39485946e+02, 1.40538264e-02, 4.58790773e-07, 2.20999069e+13,
       2.22666344e+09, 7.26900000e+04, 1.58422272e+11, 1.59617451e+07,
       5.21075269e+02]), array([1.39485900e+02, 1.40998902e-02, 4.63355329e-07, 1.97595979e+13,
       1.99739301e+09, 6.56390000e+04, 1.41645863e+11, 1.43182294e+07,
       4.70530466e+02]), array([1.85981313e+02, 1.86867566e-02, 6.07552523e-07, 4.19586548e+13,
       4.21585996e+09, 1.37068000e+05, 2.25584166e+11, 2.26659138e+07,
       7.36924731e+02]), array([1.85981240e+02, 1.87593281e-02, 6.14930157e-07, 5.50651680e+13,
       5.55424596e+09, 1.82068000e+05, 2.96049290e+11, 2.98615374e+07,
       9.78860215e+02]), array([1.39485809e+02, 1.41904650e-02, 4.72589782e-07, 4.46626925e+13,
       4.54371940e+09, 1.51321000e+05, 3.20162670e+11, 3.25714652e+07,
       1.08473835e+03]), array([1.08488919e+02, 1.10802642e-02, 3.71630998e-07, 2.46800463e+13,
       2.52063929e+09, 8.45420000e+04, 2.27465864e+11, 2.32316985e+07,
       7.79188940e+02]), array([1.39485840e+02, 1.41590827e-02, 4.70094519e-07, 5.24070525e+13,
       5.31979295e+09, 1.76622000e+05, 3.75677795e+11, 3.81347165e+07,
       1.26610753e+03]), array([1.39485799e+02, 1.42000600e-02, 4.73945454e-07, 6.87773565e+13,
       7.00173490e+09, 2.33692000e+05, 4.93027645e+11, 5.01916481e+07,
       1.67521147e+03]), array([1.08488866e+02, 1.11339653e-02, 3.76730092e-07, 3.88956954e-12,
       5.57845102e+13, 5.72503730e+09, 1.93713000e+05, 2.00000000e+00,
       5.14142951e+11, 5.27653207e+07, 1.78537327e+03, 1.84331797e-02])]
[array([1.08488233e+02, 1.17667890e-02, 4.39640241e-07, 1.21968996e+13,
       1.32289319e+09, 4.94270000e+04, 1.12413821e+11, 1.21925640e+07,
       4.55548387e+02]), array([1.39484986e+02, 1.50134975e-02, 5.53624164e-07, 2.58995886e+13,
       2.78770798e+09, 1.02797000e+05, 1.85660133e+11, 1.99835698e+07,
       7.36896057e+02]), array([1.39484915e+02, 1.50848428e-02, 5.61567201e-07, 3.39897596e+13,
       3.67588266e+09, 1.36843000e+05, 2.43654191e+11, 2.63504133e+07,
       9.80953405e+02]), array([1.08488153e+02, 1.18463742e-02, 4.48277982e-07, 2.75686705e+13,
       3.01036359e+09, 1.13915000e+05, 2.54089129e+11, 2.77452866e+07,
       1.04990783e+03]), array([1.39484932e+02, 1.50675312e-02, 5.60627507e-07, 3.49732073e-12,
       3.98833687e+13, 4.30830696e+09, 1.60302000e+05, 1.00000000e+00,
       2.85902284e+11, 3.08839209e+07, 1.14911828e+03, 7.16845878e-03]), array([1.85980027e+02, 1.99717938e-02, 7.35863832e-07, 4.39198453e-12,
       8.46906569e+13, 9.09465582e+09, 3.35094000e+05, 2.00000000e+00,
       4.55326112e+11, 4.88959990e+07, 1.80158065e+03, 1.07526882e-02]), array([1.85979946e+02, 2.00537525e-02, 7.44394691e-07, 1.11145296e+14,
       1.19845194e+10, 4.44865000e+05, 5.97555356e+11, 6.44328998e+07,
       2.39174731e+03]), array([1.39484831e+02, 1.51686215e-02, 5.71195625e-07, 9.01486231e+13,
       9.80343405e+09, 3.69162000e+05, 6.46226689e+11, 7.02755129e+07,
       2.64632258e+03]), array([1.39484785e+02, 1.52146631e-02, 5.76167154e-07, 8.06022053e+13,
       8.79189368e+09, 3.32942000e+05, 5.77793586e+11, 6.30243274e+07,
       2.38668100e+03]), array([1.85979826e+02, 2.01731186e-02, 7.57396627e-07, 1.71155487e+14,
       1.85651316e+10, 6.97025000e+05, 9.20190789e+11, 9.98125353e+07,
       3.74744624e+03]), array([1.85979754e+02, 2.02456433e-02, 7.64550272e-07, 2.24619093e+14,
       2.44518983e+10, 9.23394000e+05, 1.20762953e+12, 1.31461819e+08,
       4.96448387e+03]), array([1.39484694e+02, 1.53051472e-02, 5.85667309e-07, 3.82808607e-12,
       1.82185943e+14, 1.99905997e+10, 7.64961000e+05, 5.00000000e+00,
       1.30599243e+12, 1.43301790e+08, 5.48359140e+03, 3.58422939e-02]), array([1.08488052e+02, 1.19472883e-02, 4.60058224e-07, 1.00673604e+14,
       1.10867192e+10, 4.26920000e+05, 9.27867314e+11, 1.02181743e+08,
       3.93474654e+03]), array([1.39484726e+02, 1.52738330e-02, 5.82700210e-07, 1.30495929e-12,
       2.13776363e+14, 2.34089033e+10, 8.93055000e+05, 2.00000000e+00,
       1.53244705e+12, 1.67805759e+08, 6.40182796e+03, 1.43369176e-02]), array([1.39484685e+02, 1.53147615e-02, 5.86940004e-07, 2.80553524e+14,
       3.08034557e+10, 1.18054600e+06, 2.01113637e+12, 2.20813302e+08,
       8.46269534e+03]), array([1.08487999e+02, 1.20009261e-02, 4.65588626e-07, 2.38378813e-12,
       2.27553777e+14, 2.51719646e+10, 9.76573000e+05, 5.00000000e+00,
       2.09726983e+12, 2.31999674e+08, 9.00067281e+03, 4.60829493e-02])]
[array([1.08487366e+02, 1.26339546e-02, 5.34571591e-07, 4.97526039e+13,
       5.79396627e+09, 2.45156000e+05, 4.58549344e+11, 5.34006108e+07,
       2.25950230e+03]), array([1.39483871e+02, 1.61284525e-02, 6.75250464e-07, 2.64054913e-12,
       1.05647624e+14, 1.22159837e+10, 5.11447000e+05, 2.00000000e+00,
       7.57330639e+11, 8.75697753e+07, 3.66628674e+03, 1.43369176e-02]), array([1.39483800e+02, 1.61997943e-02, 6.83130493e-07, 2.01204787e-12,
       1.38648589e+14, 1.61027921e+10, 6.79040000e+05, 2.00000000e+00,
       9.93896698e+11, 1.15432201e+08, 4.86767025e+03, 1.43369176e-02]), array([1.08487286e+02, 1.27136000e-02, 5.43651836e-07, 9.64706801e-13,
       1.12456226e+14, 1.31787191e+10, 5.63541000e+05, 1.00000000e+00,
       1.03646291e+12, 1.21462849e+08, 5.19392627e+03, 9.21658986e-03]), array([1.39483817e+02, 1.61823605e-02, 6.81786161e-07, 4.28680934e-12,
       1.62689550e+14, 1.88745979e+10, 7.95214000e+05, 5.00000000e+00,
       1.16623334e+12, 1.35301777e+08, 5.70045878e+03, 3.58422939e-02]), array([1.85978541e+02, 2.14582281e-02, 8.96237906e-07, 3.76840173e-12,
       3.45464704e+14, 3.98597621e+10, 1.66480800e+06, 7.00000000e+00,
       1.85733712e+12, 2.14299796e+08, 8.95058065e+03, 3.76344086e-02]), array([1.85978459e+02, 2.15402210e-02, 9.05000258e-07, 2.46124182e-12,
       4.53377130e+14, 5.25106167e+10, 2.20620400e+06, 6.00000000e+00,
       2.43751145e+12, 2.82315143e+08, 1.18613118e+04, 3.22580645e-02]), array([1.39483716e+02, 1.62834753e-02, 6.92684467e-07, 2.27586723e-12,
       3.67728962e+14, 4.29290648e+10, 1.82616400e+06, 6.00000000e+00,
       2.63604991e+12, 3.07735231e+08, 1.30907814e+04, 4.30107527e-02]), array([1.39483670e+02, 1.63295100e-02, 6.97933692e-07, 3.39388868e-12,
       3.28787849e+14, 3.84915630e+10, 1.64515400e+06, 8.00000000e+00,
       2.35690214e+12, 2.75925183e+08, 1.17932186e+04, 5.73476703e-02]), array([1.85978340e+02, 2.16594986e-02, 9.18467250e-07, 2.93018573e-12,
       6.98167940e+14, 8.13103694e+10, 3.44795200e+06, 1.10000000e+01,
       3.75359107e+12, 4.37152523e+08, 1.85373763e+04, 5.91397849e-02]), array([1.85978267e+02, 2.17319921e-02, 9.26409470e-07, 3.65358085e-12,
       9.16254202e+14, 1.07066430e+11, 4.56411700e+06, 1.80000000e+01,
       4.92609786e+12, 5.75625968e+08, 2.45382634e+04, 9.67741935e-02]), array([1.39483579e+02, 1.64198693e-02, 7.08096828e-07, 4.31684645e-12,
       7.43163409e+14, 8.74844629e+10, 3.77271400e+06, 2.30000000e+01,
       5.32733627e+12, 6.27128766e+08, 2.70445448e+04, 1.64874552e-01]), array([1.08487185e+02, 1.28143338e-02, 5.55439790e-07, 3.17011337e-12,
       4.10662355e+14, 4.85067844e+10, 2.10253600e+06, 1.20000000e+01,
       3.78490650e+12, 4.47067137e+08, 1.93782120e+04, 1.10599078e-01]), array([1.39483611e+02, 1.63885844e-02, 7.04586701e-07, 3.19907223e-12,
       8.72025393e+14, 1.02458358e+11, 4.40494400e+06, 2.00000000e+01,
       6.25107808e+12, 7.34468519e+08, 3.15766595e+04, 1.43369176e-01]), array([1.39483570e+02, 1.64294945e-02, 7.09306819e-07, 3.77832586e-12,
       1.14441973e+15, 1.34798942e+11, 5.81964400e+06, 3.10000000e+01,
       8.20372568e+12, 9.66300663e+08, 4.17178781e+04, 2.22222222e-01]), array([1.08487132e+02, 1.28679368e-02, 5.61640655e-07, 3.74002454e-12,
       9.28226050e+14, 1.10099271e+11, 4.80545000e+06, 3.20000000e+01,
       8.55507880e+12, 1.01473983e+09, 4.42898618e+04, 2.94930876e-01])]
[array([1.08486498e+02, 1.35010964e-02, 6.36127913e-07, 9.08743470e-12,
       2.02947315e+14, 2.52567029e+10, 1.19001400e+06, 1.70000000e+01,
       1.87048216e+12, 2.32780672e+08, 1.09678710e+04, 1.56682028e-01]), array([1.39482756e+02, 1.72433358e-02, 8.04566585e-07, 8.09157421e-12,
       4.30950617e+14, 5.32755907e+10, 2.48581600e+06, 2.50000000e+01,
       3.08925173e+12, 3.81903876e+08, 1.78194695e+04, 1.79211470e-01]), array([1.39482685e+02, 1.73146606e-02, 8.12996542e-07, 6.16562082e-12,
       5.65566261e+14, 7.02064769e+10, 3.29649100e+06, 2.50000000e+01,
       4.05423843e+12, 5.03272236e+08, 2.36307599e+04, 1.79211470e-01]), array([1.08486419e+02, 1.35806904e-02, 6.45577344e-07, 4.72991843e-12,
       4.58724269e+14, 5.74246282e+10, 2.72976100e+06, 2.00000000e+01,
       4.22787344e+12, 5.29259246e+08, 2.51590876e+04, 1.84331797e-01]), array([1.39482702e+02, 1.72972094e-02, 8.11208417e-07, 8.40721962e-12,
       6.63632965e+14, 8.22969312e+10, 3.85958000e+06, 4.00000000e+01,
       4.75722555e+12, 5.89942159e+08, 2.76672401e+04, 2.86738351e-01]), array([1.85977054e+02, 2.29446606e-02, 1.06784915e-06, 9.50210218e-12,
       1.40919848e+15, 1.73857903e+11, 8.09138200e+06, 7.20000000e+01,
       7.57633589e+12, 9.34719909e+08, 4.35020538e+04, 3.87096774e-01]), array([1.85976972e+02, 2.30266256e-02, 1.07739631e-06, 8.84939472e-12,
       1.84938903e+15, 2.28980978e+11, 1.07138260e+07, 8.80000000e+01,
       9.94295180e+12, 1.23108053e+09, 5.76012151e+04, 4.73118280e-01]), array([1.39482601e+02, 1.73982641e-02, 8.23099536e-07, 7.06703115e-12,
       1.50001853e+15, 1.87103756e+11, 8.85174600e+06, 7.60000000e+01,
       1.07528210e+13, 1.34124556e+09, 6.34533763e+04, 5.44802867e-01]), array([1.39482555e+02, 1.74443125e-02, 8.28521499e-07, 7.69603466e-12,
       1.34117237e+15, 1.67733018e+11, 7.96651700e+06, 7.40000000e+01,
       9.61413887e+12, 1.20238723e+09, 5.71076487e+04, 5.30465950e-01]), array([1.85976853e+02, 2.31458822e-02, 1.09162038e-06, 9.59947223e-12,
       2.84792713e+15, 3.54440807e+11, 1.67163560e+07, 1.47000000e+02,
       1.53114362e+13, 1.90559573e+09, 8.98728817e+04, 7.90322581e-01]), array([1.85976781e+02, 2.32183607e-02, 1.10021797e-06, 1.04991974e-11,
       3.73753336e+15, 4.66614152e+11, 2.21108320e+07, 2.11000000e+02,
       2.00942654e+13, 2.50867824e+09, 1.18875441e+05, 1.13440860e+00]), array([1.39482465e+02, 1.75346406e-02, 8.39370471e-07, 8.97223684e-12,
       3.03147153e+15, 3.81092807e+11, 1.82426350e+07, 1.95000000e+02,
       2.17309787e+13, 2.73184808e+09, 1.30771577e+05, 1.39784946e+00]), array([1.08486318e+02, 1.36813903e-02, 6.57927671e-07, 6.34668683e-12,
       1.67515106e+15, 2.11256091e+11, 1.01591450e+07, 9.80000000e+01,
       1.54391803e+13, 1.94706075e+09, 9.36326728e+04, 9.03225806e-01]), array([1.39482496e+02, 1.75033618e-02, 8.35651806e-07, 7.88165576e-12,
       3.55711827e+15, 4.46375207e+11, 2.13110060e+07, 2.01000000e+02,
       2.54990557e+13, 3.19982227e+09, 1.52767068e+05, 1.44086022e+00]), array([1.39482455e+02, 1.75442559e-02, 8.40532227e-07, 8.78440427e-12,
       4.66825529e+15, 5.87178262e+11, 2.81312730e+07, 2.94000000e+02,
       3.34641956e+13, 4.20916317e+09, 2.01657871e+05, 2.10752688e+00]), array([1.08486264e+02, 1.37349652e-02, 6.64442383e-07, 7.73598208e-12,
       3.78637012e+15, 4.79375542e+11, 2.31902610e+07, 2.70000000e+02,
       3.48974205e+13, 4.41820776e+09, 2.13735124e+05, 2.48847926e+00])]
[array([1.08485631e+02, 1.43681635e-02, 7.44384940e-07, 1.17940594e-11,
       8.27849555e+14, 1.09642887e+11, 5.68037200e+06, 9.00000000e+01,
       7.62994982e+12, 1.01053352e+09, 5.23536590e+04, 8.29493088e-01]), array([1.39481641e+02, 1.83581375e-02, 9.42792363e-07, 1.30126314e-11,
       1.75790648e+15, 2.31370154e+11, 1.18821430e+07, 1.64000000e+02,
       1.26014801e+13, 1.65856742e+09, 8.51766523e+04, 1.17562724e+00]), array([1.39481570e+02, 1.84294522e-02, 9.51668180e-07, 1.27569656e-11,
       2.30702286e+15, 3.04822835e+11, 1.57405760e+07, 2.11000000e+02,
       1.65377983e+13, 2.18510993e+09, 1.12835670e+05, 1.51254480e+00]), array([1.08485551e+02, 1.44477678e-02, 7.54437977e-07, 9.85599801e-12,
       1.87120003e+15, 2.49200590e+11, 1.30128330e+07, 1.70000000e+02,
       1.72460832e+13, 2.29677963e+09, 1.19933945e+05, 1.56682028e+00]), array([1.39481587e+02, 1.84120039e-02, 9.49534656e-07, 1.34480988e-11,
       2.70705136e+15, 3.57339209e+11, 1.84285190e+07, 2.61000000e+02,
       1.94053861e+13, 2.56157139e+09, 1.32104079e+05, 1.87096774e+00]), array([1.85975568e+02, 2.44310406e-02, 1.25147799e-06, 1.72441697e-11,
       5.74831836e+15, 7.55138973e+11, 3.86819300e+07, 5.33000000e+02,
       3.09049374e+13, 4.05988695e+09, 2.07967366e+05, 2.86559140e+00]), array([1.85975486e+02, 2.45130048e-02, 1.26173343e-06, 1.73059636e-11,
       7.54391918e+15, 9.94346790e+11, 5.11810200e+07, 7.02000000e+02,
       4.05587052e+13, 5.34595048e+09, 2.75166774e+05, 3.77419355e+00]), array([1.39481486e+02, 1.85130492e-02, 9.62327125e-07, 1.38597280e-11,
       6.11878842e+15, 8.12132378e+11, 4.22154670e+07, 6.08000000e+02,
       4.38622826e+13, 5.82173747e+09, 3.02619835e+05, 4.35842294e+00]), array([1.39481440e+02, 1.85590850e-02, 9.68115576e-07, 1.37930479e-11,
       5.47083279e+15, 7.27936641e+11, 3.79720660e+07, 5.41000000e+02,
       3.92174394e+13, 5.21818381e+09, 2.72201190e+05, 3.87813620e+00]), array([1.85975366e+02, 2.46322424e-02, 1.27672703e-06, 1.81699402e-11,
       1.16171016e+16, 1.53867293e+12, 7.97517860e+07, 1.13500000e+03,
       6.24575353e+13, 8.27243510e+09, 4.28773043e+05, 6.10215054e+00]), array([1.85975294e+02, 2.47047132e-02, 1.28591617e-06, 1.87732651e-11,
       1.52459349e+16, 2.02524992e+12, 1.05417197e+08, 1.53900000e+03,
       8.19673919e+13, 1.08884404e+10, 5.66759124e+05, 8.27419355e+00]), array([1.39481350e+02, 1.86493977e-02, 9.79596822e-07, 1.51485001e-11,
       1.23658086e+16, 1.65337432e+12, 8.68467850e+07, 1.34300000e+03,
       8.86437890e+13, 1.18521457e+10, 6.22557599e+05, 9.62724014e+00]), array([1.08485451e+02, 1.45484237e-02, 7.67318243e-07, 1.13832875e-11,
       6.83318141e+15, 9.16362682e+11, 4.83311330e+07, 7.17000000e+02,
       6.29786305e+13, 8.44573901e+09, 4.45448230e+05, 6.60829493e+00]), array([1.39481381e+02, 1.86181250e-02, 9.75592691e-07, 1.40827197e-11,
       1.45099972e+16, 1.93681006e+12, 1.01489153e+08, 1.46500000e+03,
       1.04014317e+14, 1.38839431e+10, 7.27520810e+05, 1.05017921e+01]), array([1.39481340e+02, 1.86590114e-02, 9.80801139e-07, 1.50230496e-11,
       1.90424871e+16, 2.54739439e+12, 1.33902449e+08, 2.05100000e+03,
       1.36505284e+14, 1.82608917e+10, 9.59874186e+05, 1.47025090e+01]), array([1.08485397e+02, 1.46019930e-02, 7.74203380e-07, 1.22988716e-11,
       1.54451512e+16, 2.07889720e+12, 1.10223943e+08, 1.75100000e+03,
       1.42351624e+14, 1.91603429e+10, 1.01588888e+06, 1.61382488e+01])]
[array([1.08484764e+02, 1.52352134e-02, 8.59438134e-07, 1.67694719e-11,
       3.37691295e+15, 4.74241612e+11, 2.67525840e+07, 5.22000000e+02,
       3.11236216e+13, 4.37089043e+09, 2.46567594e+05, 4.81105991e+00]), array([1.39480526e+02, 1.94729134e-02, 1.08969573e-06, 2.05795063e-11,
       7.17074523e+15, 1.00110965e+12, 5.60216590e+07, 1.05800000e+03,
       5.14031916e+13, 7.17641328e+09, 4.01588953e+05, 7.58422939e+00]), array([1.39480455e+02, 1.95442248e-02, 1.09922212e-06, 2.08687053e-11,
       9.41066909e+15, 1.31863803e+12, 7.41639080e+07, 1.40800000e+03,
       6.74599935e+13, 9.45260236e+09, 5.31640918e+05, 1.00931900e+01]), array([1.08484684e+02, 1.53148086e-02, 8.70092279e-07, 1.70553566e-11,
       7.63288767e+15, 1.07753656e+12, 6.12189330e+07, 1.20000000e+03,
       7.03491951e+13, 9.93121256e+09, 5.64229797e+05, 1.10599078e+01]), array([1.39480472e+02, 1.95267673e-02, 1.09682741e-06, 2.08163912e-11,
       1.10424433e+16, 1.54590257e+12, 8.68340510e+07, 1.64800000e+03,
       7.91572993e+13, 1.10817388e+10, 6.22466315e+05, 1.18136201e+01]), array([1.85974081e+02, 2.59173952e-02, 1.44689899e-06, 2.70059828e-11,
       2.34482022e+16, 3.26774741e+12, 1.82429615e+08, 3.40500000e+03,
       1.26065603e+14, 1.75685345e+10, 9.80804382e+05, 1.83064516e+01]), array([1.85973999e+02, 2.59993516e-02, 1.45784817e-06, 2.74675737e-11,
       3.07727153e+16, 4.30205647e+12, 2.41226983e+08, 4.54500000e+03,
       1.65444706e+14, 2.31293359e+10, 1.29691926e+06, 2.44354839e+01]), array([1.39480371e+02, 1.96278069e-02, 1.11041775e-06, 2.15037348e-11,
       2.49594070e+16, 3.51231086e+12, 1.98704436e+08, 3.84800000e+03,
       1.78920480e+14, 2.51778556e+10, 1.42440456e+06, 2.75842294e+01]), array([1.39480325e+02, 1.96738395e-02, 1.11653049e-06, 2.16380305e-11,
       2.23163049e+16, 3.14773714e+12, 1.78640499e+08, 3.46200000e+03,
       1.59973511e+14, 2.25644240e+10, 1.28057705e+06, 2.48172043e+01]), array([1.85973880e+02, 2.61185778e-02, 1.47372277e-06, 2.80916324e-11,
       4.73878133e+16, 6.65524797e+12, 3.75517785e+08, 7.15800000e+03,
       2.54773190e+14, 3.57809031e+10, 2.01891282e+06, 3.84838710e+01]), array([1.85973807e+02, 2.61910443e-02, 1.48345567e-06, 2.88483568e-11,
       6.21903471e+16, 8.75838462e+12, 4.96073205e+08, 9.64700000e+03,
       3.34356705e+14, 4.70880894e+10, 2.66706024e+06, 5.18655914e+01]), array([1.39480235e+02, 1.97641440e-02, 1.12877782e-06, 2.26135275e-11,
       5.04419029e+16, 7.14754342e+12, 4.08213403e+08, 8.17800000e+03,
       3.61590702e+14, 5.12368704e+10, 2.92626095e+06, 5.86236559e+01]), array([1.08484584e+02, 1.54154484e-02, 8.83656762e-07, 1.74907820e-11,
       2.78735232e+16, 3.96077344e+12, 2.27042649e+08, 4.49400000e+03,
       2.56898831e+14, 3.65048243e+10, 2.09255898e+06, 4.14193548e+01]), array([1.39480266e+02, 1.97328704e-02, 1.12449174e-06, 2.21821968e-11,
       5.91883551e+16, 8.37363000e+12, 4.77177297e+08, 9.41300000e+03,
       4.24289284e+14, 6.00260215e+10, 3.42062578e+06, 6.74767025e+01]), array([1.39480225e+02, 1.97737544e-02, 1.13003099e-06, 2.26340803e-11,
       7.76770346e+16, 1.10120743e+13, 6.29318286e+08, 1.26050000e+04,
       5.56824621e+14, 7.89396010e+10, 4.51124219e+06, 9.03584229e+01]), array([1.08484530e+02, 1.54690133e-02, 8.90980155e-07, 1.82830811e-11,
       6.30029879e+16, 8.98371463e+12, 5.17441629e+08, 1.06180000e+04,
       5.80672700e+14, 8.27992132e+10, 4.76904727e+06, 9.78617512e+01])]
