[436.], [483.], [541.], [614.], 
[843.], [980.], [1145.], [1358.], 
[1705.], [2025.], [2416.], [2889.], 
[3525.], [4215.], [5060.], [6.081e+03 1.000e+00], 
[7330.], [8.808e+03 1.000e+00], [10584.], [1.2739e+04 1.0000e+00], 
[15296.], [1.8395e+04 1.0000e+00], [22134.], [2.663e+04 1.000e+00], 
[31930.], [3.8425e+04 2.0000e+00], [46240.], [5.5666e+04 1.0000e+00], 
[6.6669e+04 1.0000e+00], [8.023e+04 2.000e+00], [96587.], [1.16253e+05 2.00000e+00], 
[1.39217e+05 4.00000e+00], [1.67593e+05 5.00000e+00], [201726.], [2.42834e+05 6.00000e+00], 
[2.90721e+05 1.00000e+01], [3.4999e+05 1.4000e+01], [4.21304e+05 1.10000e+01], [5.07087e+05 1.50000e+01], 
[6.07279e+05 3.10000e+01], [7.31034e+05 3.60000e+01], [8.79945e+05 3.80000e+01], [1.059099e+06 4.900000e+01], 
[1.268425e+06 7.200000e+01], [1.526858e+06 8.700000e+01], [1.837808e+06 1.010000e+02], [2.212066e+06 1.250000e+02], 
[2.649191e+06 1.760000e+02], [3.18891e+06 2.11000e+02], [3.838149e+06 2.520000e+02], [4.619876e+06 3.160000e+02], 
[5.533081e+06 4.310000e+02], [6.659977e+06 5.240000e+02], [8.016256e+06 6.260000e+02], [9.648974e+06 7.560000e+02], 
[1.1556049e+07 1.0420000e+03], [1.3909765e+07 1.2640000e+03], [1.6742378e+07 1.5010000e+03], [2.0152181e+07 1.8130000e+03], 
[2.4135395e+07 2.4910000e+03], [2.9050828e+07 2.9590000e+03], [3.4967137e+07 3.5460000e+03], [4.2089018e+07 4.2850000e+03], 
[5.0407953e+07 5.7530000e+03], [6.0674748e+07 6.8750000e+03], [7.3032637e+07 8.2460000e+03], [8.7907215e+07 1.0008000e+04], 
[1.05282149e+08 1.32290000e+04], [1.26724517e+08 1.58530000e+04], [1.52534484e+08 1.90660000e+04], [1.83601402e+08 2.29640000e+04], 
[2.19889686e+08 3.01160000e+04], [2.64674375e+08 3.61640000e+04], [3.18582004e+08 4.35150000e+04], [3.83468847e+08 5.23330000e+04 1.00000000e+00], 
[4.59258262e+08 6.80340000e+04], [5.52796891e+08 8.18650000e+04 1.00000000e+00], [6.6538696e+08 9.8473000e+04], [8.00909177e+08 1.18547000e+05 3.00000000e+00], 
[9.59201872e+08 1.53048000e+05 3.00000000e+00], [1.15456445e+09 1.84208000e+05 3.00000000e+00], [1.38971936e+09 2.21733000e+05 2.00000000e+00], [1.67276814e+09 2.66919000e+05 5.00000000e+00], 
[2.00337829e+09 3.42444000e+05 6.00000000e+00], [2.41141025e+09 4.12143000e+05 7.00000000e+00], [2.90255504e+09 4.96396000e+05 1.00000000e+01], [3.49372565e+09 5.97558000e+05 1.20000000e+01], 
[4.18423055e+09 7.63606000e+05 1.90000000e+01], [5.03643343e+09 9.19041000e+05 2.20000000e+01], [6.06222477e+09 1.10648900e+06 3.00000000e+01], [7.2969438e+09 1.3317310e+06 3.1000000e+01], 
[8.73912719e+09 1.69550100e+06 5.50000000e+01], [1.05190425e+10 2.04033100e+06 6.60000000e+01], [1.26614875e+10 2.45643400e+06 8.40000000e+01], [1.52402968e+10 2.95646700e+06 1.05000000e+02], 
[1.82524e+10 3.75020e+06 1.50000e+02], [2.19699195e+10 4.51405000e+06 1.83000000e+02], [2.64445953e+10 5.43265100e+06 2.16000000e+02], [3.18306427e+10 6.53954600e+06 2.70000000e+02], 
[3.81216842e+10 8.26969200e+06 3.97000000e+02], [4.58860395e+10 9.95402700e+06 4.75000000e+02], [5.52317756e+10 1.19810830e+07 5.81000000e+02], [6.64809903e+10 1.44217830e+07 7.10000000e+02], 
[7.96203785e+10 1.81871540e+07 1.02300000e+03], [9.58368939e+10 2.18911340e+07 1.23100000e+03], [1.15356274e+11 2.63501970e+07 1.48800000e+03], [1.38851211e+11 3.17170140e+07 1.79300000e+03], 
[1.66293937e+11 3.98949480e+07 2.57100000e+03], [2.00163528e+11 4.80205610e+07 3.12300000e+03], [2.40931403e+11 5.78026680e+07 3.75100000e+03], [2.90002605e+11 6.95726230e+07 4.50000000e+03], 
[3.47319019e+11 8.73156930e+07 6.36600000e+03], [4.18058468e+11 1.05097928e+08 7.65400000e+03], [5.03205692e+11 1.26507554e+08 9.23100000e+03], [6.05695053e+11 1.52265775e+08 1.10950000e+04], 
[7.25405188e+11 1.90696744e+08 1.54110000e+04], [8.73150550e+11 2.29535996e+08 1.85100000e+04], [1.0509878e+12 2.7628709e+08 2.2287000e+04], [1.26504559e+12 3.32558362e+08 2.68180000e+04], 
[1.51507035e+12 4.15682895e+08 3.67050000e+04], [1.82364920e+12 5.00352595e+08 4.42030000e+04 1.00000000e+00], [2.19507741e+12 6.02257191e+08 5.31000000e+04], [2.64215531e+12 7.24921888e+08 6.39660000e+04], 
[3.16435307e+12 9.04538347e+08 8.67800000e+04 2.00000000e+00], [3.80884623e+12 1.08877504e+09 1.04491000e+05 1.00000000e+00], [4.58460537e+12 1.31052092e+09 1.25631000e+05], [5.51836561e+12 1.57744454e+09 1.51167000e+05 1.00000000e+00], 
[6.6090199e+12 1.9651202e+09 2.0287800e+05 3.0000000e+00], [7.95509843e+12 2.36536273e+09 2.44154000e+05 2.00000000e+00], [9.57533721e+12 2.84712692e+09 2.93848000e+05], [1.15255746e+13 3.42701874e+09 3.53786000e+05 5.00000000e+00], 
[1.38034988e+13 4.26288943e+09 4.70758000e+05 7.00000000e+00], [1.66148980e+13 5.13112287e+09 5.66562000e+05 7.00000000e+00], [1.99989041e+13 6.17617945e+09 6.81973000e+05 7.00000000e+00], [2.40721403e+13 7.43412049e+09 8.20828000e+05 1.50000000e+01], 
[2.88297784e+13 9.23452744e+09 1.08589600e+06 2.50000000e+01], [3.47016248e+13 1.11153617e+10 1.30646900e+06 3.70000000e+01], [4.17694080e+13 1.33792286e+10 1.57264300e+06 3.60000000e+01], [5.02767072e+13 1.61042848e+10 1.89267400e+06 4.70000000e+01], 
[6.02134387e+13 1.99786894e+10 2.48854500e+06 7.50000000e+01], [7.24772886e+13 2.40478713e+10 2.99507600e+06 9.50000000e+01], [8.72389524e+13 2.89456856e+10 3.60447800e+06 1.07000000e+02], [1.05007169e+14 3.48412178e+10 4.33909200e+06 1.26000000e+02], 
[1.25760875e+14 4.31717866e+10 5.67618900e+06 2.14000000e+02], [1.51374966e+14 5.19646897e+10 6.83345200e+06 2.58000000e+02], [1.82205955e+14 6.25484915e+10 8.22381700e+06 3.07000000e+02], [2.19316381e+14 7.52879437e+10 9.89958300e+06 3.66000000e+02], 
[2.62662256e+14 9.31849175e+10 1.28898570e+07 5.75000000e+02], [3.16159459e+14 1.12164052e+11 1.55174350e+07 6.92000000e+02], [3.80552594e+14 1.35008960e+11 1.86768700e+07 8.23000000e+02], [4.58060870e+14 1.62506547e+11 2.24831880e+07 9.88000000e+02], 
[5.48592410e+14 2.00925709e+11 2.91580140e+07 1.51600000e+03], [6.60325852e+14 2.41848777e+11 3.50998760e+07 1.80500000e+03], [7.94816381e+14 2.91106897e+11 4.22474070e+07 2.16300000e+03], [9.56698991e+14 3.50397578e+11 5.08568870e+07 2.61900000e+03], 
[1.14578179e+15 4.32811034e+11 6.57243100e+07 3.82800000e+03], [1.37914657e+15 5.20962958e+11 7.91110760e+07 4.61500000e+03], [1.66004145e+15 6.27069162e+11 9.52188000e+07 5.56200000e+03], [1.99814702e+15 7.54786334e+11 1.14623417e+08 6.70800000e+03], 
[2.39306248e+15 9.31449706e+11 1.47650735e+08 9.57600000e+03], [2.88046462e+15 1.12116086e+12 1.77722989e+08 1.15620000e+04], [3.46713740e+15 1.34951118e+12 2.13918301e+08 1.39220000e+04], [4.17329957e+15 1.62437028e+12 2.57492194e+08 1.67740000e+04], 
[4.99811404e+15 2.00282113e+12 3.30731163e+08 2.36480000e+04], [6.01609477e+15 2.41074118e+12 3.98095416e+08 2.84860000e+04], [7.24141064e+15 2.90174439e+12 4.79174445e+08 3.42660000e+04], [8.71629025e+15 3.49275147e+12 5.76766249e+08 4.12940000e+04], 
[107.], [148.], [159.], [131.], [170.], [266.], [296.], [237.], [215.], [357.], [410.], [327.], [219.], [375.], [442.], [355.], 
[251.], [431.], [497.], [388.], [547.], [1011.], [1208.], [942.], [838.], [1614.], [1974.], [1555.], [924.], [1821.], [2269.], [1803.], 
[748.], [1434.], [1739.], [1357.], [1957.], [3883.], [4824.], [3801.], [3384.], [6867.], [8672.], [6894.], [3938.], [8100.], [10349.], [8278.], 
[2563.], [5167.], [6488.], [5132.], [7412.], [15215.], [19369.], [15431.], [13757.], [28549.], [36696.], [29407.], [16531.], [34553.], [44701.], [35966.], 
[9501.], [19644.], [25163.], [20105.], [29046.], [6.059e+04 1.000e+00], [78206.], [62783.], [5.602e+04 1.000e+00], [117545.], [152539.], [122901.], [68522.], [1.4432e+05 1.0000e+00], [187960.], [151777.], 
[36776.], [7.7005e+04 1.0000e+00], [99740.], [80223.], [115917.], [2.43833e+05 3.00000e+00], [317120.], [255755.], [2.28374e+05 1.00000e+00], [4.81854e+05 2.00000e+00], [6.28557e+05 2.00000e+00], [507936.], [2.82022e+05 1.00000e+00], [5.96272e+05 2.00000e+00], [7.79257e+05 2.00000e+00], [630526.], 
[145789.], [3.07272e+05 2.00000e+00], [4.00367e+05 2.00000e+00], [323240.], [467276.], [9.87175e+05 8.00000e+00], [1.28919e+06 7.00000e+00], [1.042406e+06 4.000000e+00], [9.31322e+05 9.00000e+00], [1.970855e+06 1.700000e+01], [2.577857e+06 1.900000e+01], [2.086695e+06 1.300000e+01], [1.156098e+06 1.300000e+01], [2.449144e+06 2.200000e+01], [3.206826e+06 2.700000e+01], [2.597554e+06 2.000000e+01], 
[5.85486e+05 4.00000e+00], [1.238284e+06 1.300000e+01], [1.618765e+06 2.400000e+01], [1.309707e+06 1.700000e+01], [1.893796e+06 1.800000e+01], [4.010176e+06 4.800000e+01], [5.248826e+06 6.400000e+01], [4.25011e+06 5.30000e+01], [3.798441e+06 5.300000e+01], [8.050755e+06 1.080000e+02], [1.0546336e+07 1.3700000e+02], [8.544583e+06 1.160000e+02], [4.728476e+06 7.600000e+01], [1.0027754e+07 1.5000000e+02], [1.3143617e+07 1.8600000e+02], [1.0652993e+07 1.5200000e+02], 
[2.368068e+06 4.000000e+01], [5.017598e+06 9.600000e+01], [6.571126e+06 1.390000e+02], [5.322584e+06 1.170000e+02], [7.697622e+06 1.460000e+02], [1.6321134e+07 3.1300000e+02], [2.1388574e+07 4.3000000e+02], [1.7332153e+07 3.5900000e+02], [1.5492901e+07 3.3200000e+02], [3.2865216e+07 6.8500000e+02], [4.308879e+07 9.060000e+02], [3.4927728e+07 7.6200000e+02], [1.9315924e+07 4.4400000e+02], [4.098759e+07 9.130000e+02], [5.3754184e+07 1.1890000e+03], [4.3581993e+07 9.8900000e+02], 
[9.615104e+06 2.530000e+02], [2.039339e+07 5.520000e+02], [2.6733469e+07 7.4400000e+02], [2.1667263e+07 6.3500000e+02], [3.1339649e+07 8.7600000e+02], [6.6494581e+07 1.8080000e+03], [8.7196917e+07 2.4030000e+03], [7.0689286e+07 2.0350000e+03], [6.3194621e+07 1.8610000e+03], [1.34117658e+08 3.83300000e+03], [1.75917648e+08 5.08700000e+03], [1.4263792e+08 4.2570000e+03], [7.8853139e+07 2.4300000e+03], [1.67378317e+08 5.02900000e+03], [2.19581597e+08 6.62300000e+03], [1.78061229e+08 5.47500000e+03], 
[3.912309e+07 1.394000e+03], [8.3023578e+07 2.9040000e+03], [1.08890605e+08 3.89100000e+03], [8.8284428e+07 3.3000000e+03], [1.27705863e+08 4.55400000e+03], [2.71059294e+08 9.51200000e+03], [3.55577914e+08 1.27130000e+04], [2.88327493e+08 1.06240000e+04 1.00000000e+00], [2.57773589e+08 9.59200000e+03], [5.47209004e+08 2.00120000e+04], [7.17932642e+08 2.64880000e+04], [5.82204366e+08 2.20210000e+04], [3.21790892e+08 1.24300000e+04], [6.83171109e+08 2.58340000e+04], [8.96393806e+08 3.40920000e+04], [7.26969976e+08 2.81320000e+04], 
[1.59369555e+08 6.99500000e+03], [3.38298079e+08 1.46940000e+04], [4.4382479e+08 1.9556000e+04], [3.59902945e+08 1.63010000e+04], [5.20633132e+08 2.29120000e+04], [1.10528276e+09 4.78550000e+04], [1.45020445e+09 6.35510000e+04], [1.17607308e+09 5.27170000e+04 1.00000000e+00], [1.05148177e+09 4.74510000e+04], [2.23241962e+09 9.95150000e+04], [2.92930097e+09 1.31621000e+05], [2.3756958e+09 1.0885600e+05], [1.31293842e+09 6.08130000e+04], [2.78766179e+09 1.27268000e+05 1.00000000e+00], [3.65804807e+09 1.68051000e+05 1.00000000e+00], [2.96681449e+09 1.38609000e+05], 
[6.49604613e+08 3.39500000e+04 2.00000000e+00], [1.37915346e+09 7.09800000e+04], [1.80963258e+09 9.41880000e+04 1.00000000e+00], [1.46760091e+09 7.80340000e+04 1.00000000e+00], [2.12308302e+09 1.10363000e+05], [4.50770403e+09 2.31510000e+05], [5.91503754e+09 3.06507000e+05], [4.79724079e+09 2.53232000e+05 2.00000000e+00], [4.28911565e+09 2.27924000e+05], [9.10697414e+09 4.78348000e+05], [1.19506987e+10 6.32335000e+05 1.00000000e+00], [9.69257554e+09 5.21273000e+05 1.00000000e+00], [5.35634488e+09 2.90565000e+05 1.00000000e+00], [1.13732933e+10 6.09480000e+05 2.00000000e+00], [1.49250951e+10 8.04124000e+05 2.00000000e+00], [1.21051595e+10 6.62058000e+05 3.00000000e+00], 
[2.64875068e+09 1.59939000e+05 2.00000000e+00], [5.62395523e+09 3.34872000e+05], [7.37998789e+09 4.43670000e+05 2.00000000e+00], [5.98544985e+09 3.66310000e+05 2.00000000e+00], [8.65890778e+09 5.19463000e+05 2.00000000e+00], [1.83855703e+10 1.09197700e+06 4.00000000e+00], [2.41270482e+10 1.44387500e+06 7.00000000e+00], [1.95683338e+10 1.18916500e+06 6.00000000e+00], [1.74958576e+10 1.06947500e+06 6.00000000e+00], [3.71500207e+10 2.24849600e+06 1.30000000e+01], [4.87523136e+10 2.96957400e+06 1.60000000e+01], [3.95413487e+10 2.44239300e+06 1.40000000e+01], [2.185080e+10 1.358909e+06 7.000000e+00], [4.63977978e+10 2.85702800e+06 1.90000000e+01], [6.0889148e+10 3.7671940e+06 2.8000000e+01], [4.93855971e+10 3.09545300e+06 2.40000000e+01], 
[1.08022449e+10 7.39045000e+05 7.00000000e+00], [2.29369107e+10 1.55045600e+06 1.10000000e+01], [3.01001196e+10 2.05066300e+06 1.50000000e+01], [2.44130348e+10 1.68942900e+06 1.50000000e+01], [3.53177022e+10 2.40228200e+06 2.00000000e+01], [7.49929454e+10 5.05462200e+06 4.30000000e+01], [9.84148937e+10 6.67716300e+06 6.20000000e+01], [7.98213639e+10 5.48945300e+06 5.60000000e+01], [7.13679875e+10 4.93217300e+06 5.40000000e+01], [1.51543252e+11 1.03823530e+07 1.11000000e+02], [1.98875838e+11 1.37027820e+07 1.53000000e+02], [1.61303534e+11 1.12530080e+07 1.28000000e+02], [8.91358837e+10 6.25473500e+06 7.70000000e+01], [1.89273243e+11 1.31645170e+07 1.67000000e+02], [2.48392259e+11 1.73506020e+07 2.11000000e+02], [2.01466206e+11 1.42371420e+07 1.73000000e+02], 
[4.40586134e+10 3.36891800e+06 5.60000000e+01], [9.35540242e+10 7.07536900e+06 1.00000000e+02], [1.22773987e+11 9.34908500e+06 1.40000000e+02], [9.95787625e+10 7.68756100e+06 1.33000000e+02], [1.44058814e+11 1.09530200e+07 1.71000000e+02], [3.05897064e+11 2.30671700e+07 3.53000000e+02], [4.01442182e+11 3.04485760e+07 4.85000000e+02], [3.25601208e+11 2.49958100e+07 4.05000000e+02], [2.91119892e+11 2.24461950e+07 3.82000000e+02], [6.18173237e+11 4.72905950e+07 7.90000000e+02], [8.11261076e+11 6.23790640e+07 1.05100000e+03], [6.57999463e+11 5.11631550e+07 8.83000000e+02], [3.63605418e+11 2.84184250e+07 5.12000000e+02], [7.72094736e+11 5.98654780e+07 1.06100000e+03], [1.01326469e+12 7.88660680e+07 1.40000000e+03], [8.2184336e+11 6.4641462e+07 1.1670000e+03], 
[1.79709585e+11 1.51794010e+07 3.32000000e+02], [3.81600434e+11 3.19162340e+07 6.48000000e+02], [5.00793188e+11 4.21461900e+07 8.89000000e+02], [4.06183657e+11 3.46088880e+07 7.53000000e+02], [5.8762054e+11 4.9382599e+07 1.0570000e+03], [1.24777585e+12 1.04069748e+08 2.19600000e+03], [1.63752604e+12 1.37299455e+08 2.94800000e+03], [1.32817015e+12 1.12584911e+08 2.51100000e+03], [1.18751897e+12 1.01056556e+08 2.27000000e+03], [2.52163177e+12 2.13058654e+08 4.68800000e+03], [3.30928989e+12 2.80903021e+08 6.30100000e+03], [2.68411652e+12 2.30164913e+08 5.28800000e+03], [1.48321508e+12 1.27777059e+08 2.92800000e+03], [3.14953390e+12 2.69367337e+08 6.12000000e+03], [4.13333377e+12 3.54727619e+08 8.13600000e+03], [3.35249165e+12 2.90476544e+08 6.80600000e+03], 
[7.33035004e+11 6.77824370e+07 1.85300000e+03], [1.55655858e+12 1.42644788e+08 3.74800000e+03], [2.04276359e+12 1.88249100e+08 5.02400000e+03], [1.65685367e+12 1.54423981e+08 4.25700000e+03], [2.39695273e+12 2.20602092e+08 5.94400000e+03], [5.08980664e+12 4.65203883e+08 1.23270000e+04], [6.67967098e+12 6.13460900e+08 1.64390000e+04], [5.41778714e+12 5.02563012e+08 1.37660000e+04], [4.84405771e+12 4.50946709e+08 1.24780000e+04], [1.02861283e+13 9.51303663e+08 2.59860000e+04], [1.34991539e+13 1.25373265e+09 3.46570000e+04], [1.09489884e+13 1.02637918e+09 2.89640000e+04], [6.05028268e+12 5.69575868e+08 1.61110000e+04], [1.28475070e+13 1.20146697e+09 3.37340000e+04], [1.68606400e+13 1.58172204e+09 4.47670000e+04], [1.36754579e+13 1.29420338e+09 3.72960000e+04 1.00000000e+00], 
[2.99009628e+12 3.00402362e+08 9.68800000e+03], [6.34932638e+12 6.32649929e+08 2.00620000e+04], [8.33262752e+12 8.34525075e+08 2.68580000e+04], [6.75848112e+12 6.83958424e+08 2.24880000e+04], [9.77743334e+12 9.78022674e+08 3.13910000e+04], [2.07619376e+13 2.06359595e+09 6.55470000e+04], [2.72472600e+13 2.72020306e+09 8.71520000e+04], [2.20999069e+13 2.22666344e+09 7.26900000e+04], [1.97595979e+13 1.99739301e+09 6.56390000e+04], [4.19586548e+13 4.21585996e+09 1.37068000e+05], [5.50651680e+13 5.55424596e+09 1.82068000e+05], [4.46626925e+13 4.54371940e+09 1.51321000e+05], [2.46800463e+13 2.52063929e+09 8.45420000e+04], [5.24070525e+13 5.31979295e+09 1.76622000e+05], [6.87773565e+13 7.00173490e+09 2.33692000e+05], [5.57845102e+13 5.72503730e+09 1.93713000e+05 2.00000000e+00], 
[1.21968996e+13 1.32289319e+09 4.94270000e+04], [2.58995886e+13 2.78770798e+09 1.02797000e+05], [3.39897596e+13 3.67588266e+09 1.36843000e+05], [2.75686705e+13 3.01036359e+09 1.13915000e+05], [3.98833687e+13 4.30830696e+09 1.60302000e+05 1.00000000e+00], [8.46906569e+13 9.09465582e+09 3.35094000e+05 2.00000000e+00], [1.11145296e+14 1.19845194e+10 4.44865000e+05], [9.01486231e+13 9.80343405e+09 3.69162000e+05], [8.06022053e+13 8.79189368e+09 3.32942000e+05], [1.71155487e+14 1.85651316e+10 6.97025000e+05], [2.24619093e+14 2.44518983e+10 9.23394000e+05], [1.82185943e+14 1.99905997e+10 7.64961000e+05 5.00000000e+00], [1.00673604e+14 1.10867192e+10 4.26920000e+05], [2.13776363e+14 2.34089033e+10 8.93055000e+05 2.00000000e+00], [2.80553524e+14 3.08034557e+10 1.18054600e+06], [2.27553777e+14 2.51719646e+10 9.76573000e+05 5.00000000e+00], 
[4.97526039e+13 5.79396627e+09 2.45156000e+05], [1.05647624e+14 1.22159837e+10 5.11447000e+05 2.00000000e+00], [1.38648589e+14 1.61027921e+10 6.79040000e+05 2.00000000e+00], [1.12456226e+14 1.31787191e+10 5.63541000e+05 1.00000000e+00], [1.62689550e+14 1.88745979e+10 7.95214000e+05 5.00000000e+00], [3.45464704e+14 3.98597621e+10 1.66480800e+06 7.00000000e+00], [4.53377130e+14 5.25106167e+10 2.20620400e+06 6.00000000e+00], [3.67728962e+14 4.29290648e+10 1.82616400e+06 6.00000000e+00], [3.28787849e+14 3.84915630e+10 1.64515400e+06 8.00000000e+00], [6.98167940e+14 8.13103694e+10 3.44795200e+06 1.10000000e+01], [9.16254202e+14 1.07066430e+11 4.56411700e+06 1.80000000e+01], [7.43163409e+14 8.74844629e+10 3.77271400e+06 2.30000000e+01], [4.10662355e+14 4.85067844e+10 2.10253600e+06 1.20000000e+01], [8.72025393e+14 1.02458358e+11 4.40494400e+06 2.00000000e+01], [1.14441973e+15 1.34798942e+11 5.81964400e+06 3.10000000e+01], [9.28226050e+14 1.10099271e+11 4.80545000e+06 3.20000000e+01], 
[2.02947315e+14 2.52567029e+10 1.19001400e+06 1.70000000e+01], [4.30950617e+14 5.32755907e+10 2.48581600e+06 2.50000000e+01], [5.65566261e+14 7.02064769e+10 3.29649100e+06 2.50000000e+01], [4.58724269e+14 5.74246282e+10 2.72976100e+06 2.00000000e+01], [6.63632965e+14 8.22969312e+10 3.85958000e+06 4.00000000e+01], [1.40919848e+15 1.73857903e+11 8.09138200e+06 7.20000000e+01], [1.84938903e+15 2.28980978e+11 1.07138260e+07 8.80000000e+01], [1.50001853e+15 1.87103756e+11 8.85174600e+06 7.60000000e+01], [1.34117237e+15 1.67733018e+11 7.96651700e+06 7.40000000e+01], [2.84792713e+15 3.54440807e+11 1.67163560e+07 1.47000000e+02], [3.73753336e+15 4.66614152e+11 2.21108320e+07 2.11000000e+02], [3.03147153e+15 3.81092807e+11 1.82426350e+07 1.95000000e+02], [1.67515106e+15 2.11256091e+11 1.01591450e+07 9.80000000e+01], [3.55711827e+15 4.46375207e+11 2.13110060e+07 2.01000000e+02], [4.66825529e+15 5.87178262e+11 2.81312730e+07 2.94000000e+02], [3.78637012e+15 4.79375542e+11 2.31902610e+07 2.70000000e+02], 
[8.27849555e+14 1.09642887e+11 5.68037200e+06 9.00000000e+01], [1.75790648e+15 2.31370154e+11 1.18821430e+07 1.64000000e+02], [2.30702286e+15 3.04822835e+11 1.57405760e+07 2.11000000e+02], [1.87120003e+15 2.49200590e+11 1.30128330e+07 1.70000000e+02], [2.70705136e+15 3.57339209e+11 1.84285190e+07 2.61000000e+02], [5.74831836e+15 7.55138973e+11 3.86819300e+07 5.33000000e+02], [7.54391918e+15 9.94346790e+11 5.11810200e+07 7.02000000e+02], [6.11878842e+15 8.12132378e+11 4.22154670e+07 6.08000000e+02], [5.47083279e+15 7.27936641e+11 3.79720660e+07 5.41000000e+02], [1.16171016e+16 1.53867293e+12 7.97517860e+07 1.13500000e+03], [1.52459349e+16 2.02524992e+12 1.05417197e+08 1.53900000e+03], [1.23658086e+16 1.65337432e+12 8.68467850e+07 1.34300000e+03], [6.83318141e+15 9.16362682e+11 4.83311330e+07 7.17000000e+02], [1.45099972e+16 1.93681006e+12 1.01489153e+08 1.46500000e+03], [1.90424871e+16 2.54739439e+12 1.33902449e+08 2.05100000e+03], [1.54451512e+16 2.07889720e+12 1.10223943e+08 1.75100000e+03], 
[3.37691295e+15 4.74241612e+11 2.67525840e+07 5.22000000e+02], [7.17074523e+15 1.00110965e+12 5.60216590e+07 1.05800000e+03], [9.41066909e+15 1.31863803e+12 7.41639080e+07 1.40800000e+03], [7.63288767e+15 1.07753656e+12 6.12189330e+07 1.20000000e+03], [1.10424433e+16 1.54590257e+12 8.68340510e+07 1.64800000e+03], [2.34482022e+16 3.26774741e+12 1.82429615e+08 3.40500000e+03], [3.07727153e+16 4.30205647e+12 2.41226983e+08 4.54500000e+03], [2.49594070e+16 3.51231086e+12 1.98704436e+08 3.84800000e+03], [2.23163049e+16 3.14773714e+12 1.78640499e+08 3.46200000e+03], [4.73878133e+16 6.65524797e+12 3.75517785e+08 7.15800000e+03], [6.21903471e+16 8.75838462e+12 4.96073205e+08 9.64700000e+03], [5.04419029e+16 7.14754342e+12 4.08213403e+08 8.17800000e+03], [2.78735232e+16 3.96077344e+12 2.27042649e+08 4.49400000e+03], [5.91883551e+16 8.37363000e+12 4.77177297e+08 9.41300000e+03], [7.76770346e+16 1.10120743e+13 6.29318286e+08 1.26050000e+04], [6.30029879e+16 8.98371463e+12 5.17441629e+08 1.06180000e+04], 
